100 100
92.97 69.55 6.28 17.10 -71.71 -34.11 99.13 74.22 -33.52 -22.05 98.73 5.96 35.00 88.59 -77.70 -15.96 -87.89 -36.52 -24.79 -32.59 39.78 -70.23 66.92 11.45 50.97 -75.80 92.16 34.91 53.87 97.76 47.29 94.36 26.87 89.61 -41.36 -52.25 -92.29 96.97 49.39 28.48 -94.32 84.34 93.24 -93.80 32.25 19.76 -43.36 89.52 -17.61 -52.08 -43.63 -71.38 53.92 81.65 -36.47 1.29 95.09 -16.78 24.94 64.39 17.84 -22.62 83.62 45.62 -80.89 -32.30 -51.87 -41.31 -42.69 59.25 74.17 97.83 -18.67 52.64 -8.56 59.35 95.34 -59.07 -85.83 -60.87 -91.12 93.05 29.10 68.96 -30.54 75.49 -74.80 -19.18 -34.95 -76.16 -53.49 67.99 -68.71 -21.59 13.15 28.76 95.45 -13.84 -0.38 50.26
-53.04 -21.28 7.30 -12.09 4.61 -32.44 8.31 -20.25 -40.97 37.83 -10.69 -43.84 -9.34 -80.09 -49.36 25.39 51.41 -57.90 54.30 28.66 36.66 22.62 71.16 -22.14 -80.89 -10.77 31.49 -46.60 -63.91 -21.01 13.85 44.18 -75.22 -67.96 -17.65 -89.17 30.56 -0.09 70.11 58.87 -30.09 -14.71 -45.53 -98.00 -28.68 38.29 86.27 -57.94 -5.04 86.62 15.23 -1.03 -29.36 -55.02 -67.09 39.56 -12.94 -49.99 -86.43 -30.95 -10.75 66.67 28.75 -10.16 72.22 -83.93 -48.23 6.66 -63.59 16.61 -98.93 57.95 -48.98 49.99 -20.89 71.82 50.30 -14.67 -16.79 -51.83 2.16 -96.06 -26.74 52.20 -0.89 86.21 -2.10 -71.25 -12.38 50.21 18.45 -76.28 -11.46 -17.68 74.45 -62.48 -97.94 -1.84 -26.92 43.06
40.79 -93.19 41.22 -74.01 -43.20 -78.02 -36.42 -51.69 -97.36 -22.10 -40.98 -19.28 86.43 -97.21 72.57 -24.20 77.24 74.09 -90.72 6.61 45.87 47.87 30.14 -55.19 -79.78 -16.82 39.77 47.92 17.23 65.74 -40.07 -76.55 9.75 -24.35 -71.64 47.00 -89.00 72.71 55.37 18.84 -30.36 63.90 -5.18 33.87 -45.29 -45.42 43.15 46.20 -93.09 79.22 -83.05 -74.11 -37.54 55.48 81.19 39.68 -71.07 17.39 -29.25 83.59 -40.84 -82.48 -40.29 30.89 -56.05 -24.17 96.78 7.36 25.05 -91.91 67.37 26.71 10.08 60.40 -17.58 -96.73 -19.32 48.77 71.00 92.12 48.36 -19.38 92.76 26.37 -17.23 13.49 52.59 37.45 -71.18 97.65 77.60 -79.90 -74.81 18.97 -97.14 21.29 32.04 -89.79 62.44 -90.37
70.49 -49.92 -3.33 89.63 24.00 94.39 91.93 90.88 90.74 46.67 -29.51 -49.44 -2.88 -66.33 25.00 -52.84 -54.83 -4.96 7.38 14.61 -18.74 -54.26 97.22 -72.12 -16.24 -92.98 44.70 -55.05 8.96 -50.82 13.19 84.05 -1.00 -1.53 73.52 -86.87 59.75 -85.26 22.01 14.56 -51.49 -65.28 15.18 -58.38 -9.23 -27.06 47.66 98.73 3.68 -15.65 -33.82 -56.84 74.70 13.53 11.84 -80.48 36.79 35.05 -50.19 -69.09 72.07 52.56 79.55 23.17 -17.43 -96.15 -98.47 13.40 22.52 -39.95 -93.84 13.09 -12.30 83.85 -22.93 85.84 -3.73 -44.74 40.36 -44.10 -11.36 79.37 22.31 39.59 -49.79 -6.45 -65.50 -60.04 -42.56 70.68 74.13 52.45 28.40 50.81 96.38 -24.49 -74.39 44.15 -75.50 -42.69
-75.18 -46.02 60.51 -22.07 54.15 82.08 -11.53 89.46 84.96 95.67 -88.74 -37.65 26.42 2.46 54.70 -67.49 65.84 24.60 8.39 -22.70 1.85 -77.33 -83.58 -60.01 59.44 -20.76 37.44 36.75 54.48 -59.85 23.07 84.01 -37.27 78.93 16.70 59.30 -26.94 -15.10 -50.63 74.43 90.53 -47.60 45.25 3.74 27.92 23.22 91.29 -41.74 78.31 -96.16 -25.80 79.06 84.54 60.05 -20.29 56.20 -43.42 62.74 -97.89 -81.94 86.42 69.15 -56.01 7.82 -23.68 -65.28 53.80 89.01 -31.40 84.94 -48.89 40.84 -46.95 2.00 28.47 -53.61 25.59 42.06 -20.06 58.23 -82.10 82.82 -97.33 -1.78 58.60 81.83 43.10 -18.63 -33.13 -11.54 -34.45 -65.50 -2.96 -92.08 15.60 67.31 -36.46 71.87 -56.71 -90.29
90.92 52.45 79.80 -76.49 -69.90 -89.20 73.80 -31.01 -26.75 3.02 4.23 -55.79 -83.85 -31.78 75.26 53.14 -36.94 32.25 52.87 -67.65 9.10 -51.15 66.40 -22.86 -95.03 -69.99 -35.83 -60.12 62.06 45.24 79.68 25.58 8.59 96.75 66.73 -63.28 11.13 94.14 45.70 -98.97 -62.93 77.47 -85.30 73.31 -75.55 56.95 -49.40 -84.05 -9.90 -47.32 1.46 -56.49 -53.12 -38.11 89.45 -77.92 -6.71 -80.72 29.27 -25.02 54.98 99.74 28.83 87.05 58.01 45.37 -40.13 -83.70 -59.95 69.69 38.20 58.35 -5.11 -63.75 39.11 41.75 -91.25 -68.10 -9.73 -61.73 4.33 -86.93 -67.30 -56.96 72.05 69.04 74.57 -15.66 25.40 -86.93 -36.41 -79.96 -11.29 -26.55 24.83 63.11 58.85 -29.61 65.00 -54.40
41.61 31.87 22.08 -91.14 -10.15 -2.43 -7.75 -28.01 60.86 -21.25 35.74 76.54 -42.14 -8.35 47.47 71.10 68.23 45.76 43.75 65.29 73.52 -86.25 80.31 38.06 -48.37 -98.14 76.61 3.13 13.25 -27.04 -97.52 20.75 26.66 -19.29 16.52 -42.24 -21.59 -29.37 -99.62 34.31 -88.02 75.09 70.08 -40.01 41.30 -1.86 85.26 -13.05 82.25 82.37 -26.79 -59.83 -13.96 37.46 -73.80 -56.93 64.84 56.87 -8.17 58.87 22.98 -46.50 84.45 93.73 -17.79 8.15 5.66 57.54 -72.30 -6.79 -8.60 81.62 71.40 89.64 -80.34 -82.84 64.80 89.57 8.21 -36.84 -34.71 95.57 -6.09 22.49 -87.43 85.60 -5.61 -39.27 36.92 -65.30 -59.69 -65.52 -44.83 -25.76 67.60 -41.56 -15.73 47.51 86.58 -61.18
-66.79 26.32 -84.06 -54.70 -39.68 -50.91 27.59 14.28 2.84 47.40 -53.18 71.53 99.79 -44.94 -8.31 -92.50 21.63 93.39 70.37 71.99 -89.86 4.30 -61.19 33.68 -14.33 -61.11 97.06 -37.91 15.26 72.75 3.97 -54.20 89.45 -84.49 -58.13 -66.14 -10.47 65.04 96.33 -86.22 -84.17 45.13 10.26 -38.51 -77.25 62.54 -82.71 -83.15 93.82 -21.84 62.45 84.74 27.00 -46.65 -13.53 68.18 45.67 -12.20 -50.97 18.13 82.83 -1.57 10.28 26.12 -40.43 59.04 -81.75 -44.99 -21.14 47.65 4.20 68.58 -15.73 28.94 -73.54 75.46 -45.43 -57.22 -90.77 -0.10 -22.61 -42.71 59.78 -63.63 -83.03 -46.64 -22.39 30.52 82.24 86.79 81.26 -68.76 -1.78 89.54 -11.53 -52.38 20.05 -13.83 -66.90 -80.99
-82.78 26.04 56.51 81.07 -60.51 -2.74 16.98 -60.65 24.76 78.86 79.98 28.88 -25.31 28.73 -80.28 -74.46 -1.28 95.28 -98.82 30.70 44.39 -20.81 64.70 7.62 97.51 59.55 -39.04 -75.59 -46.31 -10.07 51.55 77.84 -43.30 -69.06 -38.02 -60.41 22.13 70.34 84.14 7.79 40.50 37.96 62.31 -4.14 -93.06 -28.66 -13.31 -54.04 -34.33 -11.04 77.00 72.57 56.16 49.08 80.79 -43.06 59.93 -49.82 -47.42 -51.63 37.64 -89.49 -56.57 -73.26 -37.68 9.96 -98.72 21.56 -49.43 27.32 -22.73 -81.67 -76.03 -83.91 6.06 73.85 -25.93 -35.75 21.60 -92.70 85.42 -12.61 -21.31 42.36 94.05 -75.04 -21.82 35.63 78.92 7.84 -46.22 -90.89 69.93 -4.35 -72.26 36.85 59.68 -83.56 18.29 -68.69
-24.37 88.95 -49.49 12.07 -52.91 71.45 93.94 46.18 -3.37 -87.54 -56.62 77.38 78.71 86.65 -56.74 -6.17 31.45 58.15 -5.16 -14.78 -52.83 -85.83 58.93 -40.83 36.16 74.25 -24.86 3.68 -10.15 1.62 1.35 68.51 43.98 -36.33 -8.76 -59.60 76.90 -22.46 17.81 93.87 -44.10 -25.76 65.15 17.68 25.68 -26.04 43.94 -73.36 -63.61 -49.24 3.81 10.27 -46.50 -67.32 82.44 67.28 -81.11 7.85 -23.92 -9.00 83.30 92.54 -20.27 1.38 80.06 -81.67 -53.67 43.32 -90.30 -99.28 18.62 23.37 -31.87 -97.71 27.18 -79.41 -29.83 -93.76 -85.71 -75.82 -84.40 -11.89 -49.63 -6.72 -62.51 17.88 5.04 -31.40 24.17 -46.34 -7.20 75.61 -1.41 -17.75 -25.89 -70.98 -14.74 70.07 13.84 -27.32
37.94 10.31 -51.03 46.45 30.05 91.63 -56.36 73.80 -73.16 -54.73 12.46 75.93 14.97 17.84 59.77 -28.54 37.63 -78.06 31.40 -22.76 39.10 -35.68 -35.60 38.86 18.32 18.21 -44.24 56.44 74.37 70.63 36.27 -33.99 -89.34 88.17 19.92 48.56 -94.96 6.50 82.97 -94.12 91.65 55.32 -38.90 -89.98 15.44 -27.07 78.70 -98.53 83.17 5.38 65.85 -7.78 -97.29 51.84 -56.14 -5.56 -79.04 76.33 25.42 -37.09 32.19 2.10 28.47 -40.99 -30.62 45.94 38.52 60.06 61.66 -26.87 -26.49 13.19 12.36 52.74 -57.15 -60.88 -52.99 97.99 -48.86 43.36 40.27 -33.97 98.84 -79.08 76.92 -55.06 -82.27 76.84 -62.23 -44.92 61.68 -80.15 73.83 74.76 2.83 46.13 -12.55 15.49 -77.26 -57.87
-87.10 44.65 -97.78 -25.96 85.33 67.92 96.68 77.67 -26.03 -30.78 85.41 -41.94 68.16 -75.95 -6.55 61.56 -35.56 -83.14 -74.74 -91.00 -14.43 71.88 -20.45 -1.38 -2.97 -30.65 66.61 -91.86 -2.53 -70.01 0.83 64.41 -3.93 -4.32 -18.76 -71.17 70.59 -56.24 -16.93 88.47 63.31 52.84 87.55 36.08 13.89 -91.99 -32.23 -97.70 74.33 13.47 60.59 -39.84 4.90 63.65 68.94 -69.43 55.48 45.42 -59.56 -12.59 -13.21 91.50 -86.08 -61.73 89.53 -26.77 39.03 -42.11 71.98 -51.61 48.94 59.84 -89.82 33.88 37.26 -96.43 -60.50 -40.63 39.03 27.07 -83.85 -56.99 -26.93 -61.66 48.98 -13.75 -49.01 -71.70 73.11 -97.71 -33.29 95.41 59.90 32.03 -38.46 -60.63 -27.60 -31.81 91.12 36.62
92.45 92.25 -19.73 88.78 7.17 -95.41 -17.17 -24.43 23.99 93.54 -4.74 62.77 99.61 -2.30 -19.01 -86.62 93.52 42.88 -88.49 -9.86 -79.46 -25.69 28.57 46.28 -85.18 46.09 -56.27 -32.65 26.54 -33.65 23.79 -82.66 -88.55 -31.89 -71.19 -78.02 85.98 -38.36 -46.42 -26.76 -44.43 -12.47 -25.42 -15.17 15.06 36.46 18.28 93.18 24.04 -56.03 34.41 98.26 -85.42 -32.44 89.11 88.55 54.12 -98.88 -73.56 -88.30 -93.98 78.69 -94.61 -37.22 -90.80 -43.57 50.82 97.56 -31.67 -87.42 -58.64 97.01 -26.45 52.11 33.82 -30.74 26.65 -12.23 44.57 -61.95 56.97 -21.38 68.61 -74.48 6.45 0.48 7.84 8.51 -30.35 -76.70 8.72 -90.92 -8.57 -81.45 -59.67 25.08 -69.56 -92.04 12.45 49.47
-95.36 56.84 65.70 63.55 76.61 -6.34 -84.85 -89.49 -12.96 52.44 -29.17 -54.81 27.10 -11.10 -73.50 -99.33 23.65 82.10 -21.41 -99.78 -27.01 94.32 -66.13 -45.09 85.94 -72.74 57.72 16.51 -12.10 -82.50 -0.87 94.10 -44.22 14.66 7.81 -45.26 -78.94 53.98 -94.07 -29.75 -79.44 -91.19 53.01 -25.96 -28.31 19.70 43.66 -92.39 -32.02 22.92 -22.07 -54.33 -8.44 -83.65 -66.43 51.90 55.01 54.68 48.78 76.73 -9.73 79.61 87.08 57.21 12.73 51.58 95.84 -52.64 70.87 -0.16 16.78 -74.36 -43.01 95.55 72.17 -70.31 -48.44 -37.51 84.09 63.73 3.75 -11.74 -95.70 37.98 -88.29 18.93 -10.90 -59.53 -16.67 67.28 -93.62 57.32 85.57 85.10 -21.29 -29.15 32.04 -67.32 -16.20 -44.84
63.17 9.23 43.19 -92.31 73.03 -61.05 53.78 27.77 -14.01 47.75 -36.98 32.92 -42.03 27.24 -99.11 -69.86 59.59 94.87 -70.33 98.06 -37.58 -72.26 -96.56 62.59 -74.61 -97.93 -63.22 -46.08 -63.79 71.49 55.85 32.55 -77.96 34.36 -74.38 72.92 -48.12 17.73 61.20 71.43 47.71 3.15 92.11 82.61 -76.43 59.17 -49.29 -36.61 79.10 -91.85 -29.53 37.65 69.92 -8.40 1.41 36.36 -59.12 89.10 96.26 51.46 73.98 -8.55 -30.43 99.97 11.59 -92.83 46.71 -87.71 5.59 -24.92 0.07 12.08 32.59 7.74 -66.65 -23.75 -8.79 -95.80 -80.93 -5.01 16.39 -45.66 11.98 -43.65 74.26 75.21 78.42 -44.68 -87.02 -64.17 1.06 42.66 28.00 -55.94 -86.86 52.92 -35.17 -48.65 50.95 16.99
-43.62 52.72 -25.83 -34.26 -5.70 -34.72 -2.09 -89.89 -36.10 -38.22 -52.34 22.55 -55.23 30.35 14.61 -44.73 -22.00 21.09 -14.82 -97.15 -77.04 26.66 70.67 -45.50 -99.43 -39.79 37.83 -2.54 -27.93 -90.06 27.47 -20.43 14.85 56.26 -30.15 64.09 -89.74 40.66 -22.70 -56.26 21.95 23.76 71.27 -12.50 -79.11 82.46 -37.17 49.48 -55.18 -29.18 49.21 -95.07 18.08 71.39 -74.70 -36.06 72.44 -66.63 -39.62 -49.25 67.43 -20.79 71.79 -99.31 2.22 99.51 -66.89 70.35 53.89 16.54 -26.59 7.00 -64.97 -91.25 6.07 -75.93 -92.47 29.17 95.57 -53.50 -11.39 94.24 -26.17 -19.16 7.22 56.85 -75.16 91.46 -99.09 -13.47 82.43 46.94 98.33 -21.12 -53.64 -9.27 -0.47 -33.38 78.89 28.16
-98.29 65.05 85.90 8.89 66.36 45.63 -80.89 -47.10 13.34 -59.37 -85.76 -18.48 -41.31 -76.24 21.81 -53.07 -80.77 36.72 67.54 29.01 -13.08 87.61 -79.44 -99.89 49.60 -16.94 26.09 91.63 -34.10 42.04 -47.46 52.79 -80.96 2.15 43.52 19.68 70.11 -16.53 23.56 -45.23 82.27 32.06 -26.40 -4.99 -55.76 42.63 -75.71 43.05 -49.70 37.07 -21.49 -87.86 -96.94 2.02 -59.53 -32.90 -96.94 81.47 74.97 88.03 41.93 -23.84 24.90 -71.32 -18.34 82.21 -46.89 41.45 -63.31 80.84 47.94 -68.01 73.49 -26.39 -86.86 -34.35 -55.62 13.94 -90.84 87.90 -65.53 -23.87 -34.39 -87.51 59.23 87.96 72.88 -14.29 -23.66 57.40 44.33 78.94 -34.19 15.97 -84.07 -70.11 -51.66 63.48 77.43 -50.49
43.29 53.26 80.27 32.16 57.48 -15.92 75.12 68.08 -99.45 51.38 98.14 57.79 -42.33 -82.56 53.03 -50.58 90.46 98.08 38.51 18.19 99.14 34.01 29.50 -21.13 15.66 41.68 -19.77 53.27 -86.96 88.04 -77.14 -65.65 -3.16 0.65 55.42 -61.70 -28.07 8.67 -57.02 51.84 15.52 19.30 54.87 -75.63 -42.22 20.75 -19.86 -27.38 77.43 -19.98 37.99 51.67 -94.04 4.51 -67.59 -49.20 -84.89 -42.63 -2.94 30.19 5.99 47.55 -23.26 -46.32 99.87 45.21 -27.97 -40.94 -11.16 -13.32 93.47 -34.03 83.81 -53.92 -57.12 -23.53 -63.18 0.22 -60.80 9.34 77.49 -3.57 -25.13 -91.36 96.01 -57.84 -1.29 71.37 84.35 10.31 9.13 39.92 34.27 84.73 -24.17 25.19 -18.62 27.81 31.92 -70.73
98.78 -37.97 42.95 86.86 -7.58 -28.55 -29.50 50.35 39.46 -46.60 -19.04 53.94 -32.56 55.72 -81.30 81.71 -20.65 32.52 -90.59 13.58 0.83 33.14 34.58 76.30 42.97 -7.50 23.26 92.25 -62.29 -33.61 86.88 -75.07 -36.48 47.77 94.94 -87.53 -98.66 -99.28 74.37 -76.42 3.62 -72.97 -14.05 7.79 26.81 -56.19 54.39 49.06 -11.45 59.61 69.49 -99.34 87.63 -95.87 -75.34 -6.23 23.66 -64.82 -23.48 -26.36 59.51 -53.60 75.44 -94.89 23.35 -35.94 -55.51 -60.08 -58.46 78.83 90.42 -99.74 34.35 -22.70 40.64 44.78 -78.72 -44.50 -63.42 -13.38 -79.08 -41.21 -76.20 15.28 89.47 -73.40 -3.44 -37.63 -76.35 -80.86 53.64 76.14 -65.86 -84.47 -48.83 -3.93 -42.07 69.05 67.72 -9.30
-29.76 0.59 33.13 64.21 11.70 -18.91 21.51 67.43 -7.57 10.69 -83.55 6.54 -59.79 -37.87 45.58 -15.53 41.63 -3.22 -7.56 -73.02 46.89 -16.43 45.05 -59.68 40.07 74.23 -68.73 -89.92 -77.89 28.71 34.68 8.91 53.74 86.48 -76.55 80.67 -14.11 54.54 -16.22 2.36 -78.52 -29.60 -56.47 3.33 82.71 96.61 48.81 23.51 21.25 -68.37 92.56 9.81 -12.34 63.87 88.26 31.74 -78.05 -75.66 77.39 -17.88 -72.88 99.66 -94.21 58.56 36.90 -89.26 -11.26 -57.27 -88.71 -6.08 42.19 83.85 -72.63 -55.90 38.86 -70.17 -97.55 -84.88 -60.52 -46.60 10.71 66.09 -76.32 -43.29 74.01 72.30 -92.88 -84.94 -81.51 -98.79 -7.00 4.14 83.03 29.40 48.34 -12.74 11.86 -32.01 -66.29 -32.85
89.19 52.04 73.29 8.81 -26.92 -2.76 -69.38 -88.49 2.23 76.74 55.59 79.99 22.67 -37.73 -91.42 91.19 -32.26 66.00 -66.08 6.02 96.22 -75.72 -53.30 47.18 44.96 -14.51 -67.36 97.55 75.72 -85.08 -40.06 -40.50 -98.85 67.20 -18.66 37.19 23.12 -10.31 -91.67 -92.14 14.37 -59.09 79.58 -72.03 23.72 -17.54 7.90 -37.91 -43.77 32.02 -19.73 -20.01 -29.79 -74.07 -42.10 0.49 -83.00 -52.80 56.39 55.71 -71.10 -0.95 -58.79 13.80 86.71 34.48 -40.95 -82.28 -60.06 -4.56 25.89 78.46 -72.90 -11.16 10.33 6.94 -95.98 -86.02 82.32 -74.25 -84.68 44.04 -34.89 -60.37 -92.14 -14.25 -28.95 60.46 -28.38 84.40 -76.10 -27.78 85.51 -10.61 -81.57 42.36 71.58 -39.67 -20.10 77.01
6.85 66.16 75.17 -55.97 65.24 -98.11 79.80 -63.54 17.81 -62.43 -70.39 -87.51 -92.16 12.80 35.10 22.92 9.88 25.31 -17.16 -91.04 6.51 -57.08 -14.59 -52.24 -80.04 41.99 96.60 26.00 -99.78 -11.19 90.02 41.25 16.62 35.43 -29.54 79.01 94.88 -43.46 -99.99 66.05 -86.77 -38.34 71.26 84.16 -83.74 50.87 -6.60 54.64 55.02 35.32 54.99 85.02 -54.07 -47.16 14.87 20.81 -28.93 47.59 -75.18 -23.20 14.04 -26.47 -82.06 99.42 -90.00 21.48 -87.32 70.37 95.73 -17.36 -66.36 9.69 -76.82 -90.99 25.02 97.03 -56.79 18.20 -66.96 -49.25 66.95 -81.03 69.05 68.11 23.73 -70.46 -86.69 -61.65 6.78 66.29 -73.14 27.78 -42.82 -32.63 -87.21 -89.60 95.39 -31.42 37.71 42.68
34.97 83.68 4.19 28.86 84.66 30.39 85.89 -89.39 -47.89 17.74 23.68 87.50 62.19 -94.64 -18.55 63.57 -23.36 -99.63 -59.61 -38.20 -90.54 35.33 35.42 56.47 -42.19 -98.03 17.47 -39.28 -12.27 56.00 46.62 -25.39 72.27 67.18 -39.06 74.83 -9.81 28.85 -49.63 11.46 35.17 22.92 58.87 77.75 -79.69 25.75 -47.66 51.50 -23.26 94.32 8.57 -14.64 95.78 -46.39 -80.51 -23.59 58.15 15.72 -25.95 98.54 27.21 81.74 54.81 21.80 -25.77 53.48 59.83 -4.36 -35.33 -52.81 -46.91 -13.99 36.03 31.20 88.88 74.72 -33.65 14.25 37.50 81.41 -8.58 89.27 -79.35 1.84 15.57 -54.35 -64.03 -93.17 -64.36 -23.42 60.19 72.10 -91.25 -43.24 -27.89 -99.06 67.56 63.00 24.29 -45.73
77.53 -9.74 33.08 -84.40 -21.79 -13.90 -71.61 22.39 32.03 36.43 -88.19 55.08 48.28 16.29 -49.51 21.42 16.30 64.75 36.70 -63.16 -12.48 -11.28 46.35 -22.00 -66.11 67.93 -79.25 98.10 -37.69 -65.15 67.10 12.21 26.59 52.04 -48.38 -57.39 82.15 34.85 -74.43 75.91 -32.25 83.79 31.74 -77.66 -12.77 -36.29 40.70 -7.96 -6.62 54.75 43.14 -68.61 -78.99 -66.27 80.66 -99.94 -21.76 -30.55 50.39 -59.35 47.53 99.03 -77.97 71.86 -36.12 -81.43 55.03 -57.85 82.47 -54.29 -84.26 24.02 -67.22 -21.30 71.61 -51.89 -87.29 51.56 53.84 17.87 -67.61 30.56 -24.69 42.89 0.34 47.55 44.03 -16.70 -64.73 -52.42 67.86 7.21 73.44 -11.60 -53.36 32.29 -53.72 -6.61 82.51 -30.90
-31.22 73.87 -83.67 94.94 6.88 -15.42 53.32 -73.21 -88.02 27.09 -11.29 47.96 62.49 3.16 -50.04 -86.72 20.19 95.65 59.23 -55.34 11.40 25.73 -66.24 -56.14 64.58 29.85 -59.00 87.29 46.87 0.57 32.93 -5.23 -91.04 64.92 86.02 -73.74 -90.32 45.43 -77.70 -91.97 -2.77 76.33 -54.78 -73.28 -20.08 82.28 -23.95 -15.00 45.61 -55.12 95.79 7.82 -32.96 -99.70 -16.24 -14.11 41.86 7.80 -90.40 89.43 3.96 -38.34 94.75 44.86 6.78 -55.96 -76.52 -1.57 6.47 11.69 -6.47 -77.89 47.59 6.28 13.51 31.06 3.82 25.92 -94.43 -2.48 96.09 -12.67 -27.56 65.40 37.37 67.80 -4.77 85.26 68.10 -93.79 28.23 -22.32 75.72 -84.51 -13.15 22.40 -97.13 7.78 40.28 13.40
-66.85 1.66 80.86 -6.93 77.34 51.58 88.70 28.21 -2.40 14.27 -69.66 15.37 -44.53 -12.44 -3.57 -47.48 26.10 63.74 -93.70 -98.61 48.83 -25.38 89.37 42.73 18.59 -92.38 -81.37 -71.58 40.41 -70.51 -59.68 -36.61 25.59 -42.28 55.94 76.64 39.22 29.77 77.97 89.01 69.20 31.49 54.23 96.45 -73.76 -52.23 -30.87 -10.65 64.18 -93.44 88.73 -54.51 20.47 -60.77 73.58 -74.25 79.56 -6.09 4.56 -37.59 -97.29 -71.76 -51.98 -18.74 26.22 -28.74 60.11 19.52 -46.40 -23.66 -43.40 -20.94 -86.14 -64.00 -79.60 -82.07 21.43 -31.51 -56.81 12.78 15.52 34.06 -31.99 78.79 -92.88 62.79 -86.31 96.02 -46.32 48.64 -66.20 -76.70 -41.59 -96.59 -14.19 80.67 -51.88 27.63 40.92 -31.10
18.06 66.03 -99.01 -88.53 98.83 13.51 85.10 -5.77 -27.02 22.74 -11.32 26.60 -20.27 -60.16 -78.81 20.48 -81.40 -49.28 73.45 -5.62 -51.89 -86.04 19.81 -23.55 86.78 74.48 51.90 91.97 26.01 -11.93 51.54 -44.05 27.95 -40.21 -67.35 17.03 20.88 0.83 -35.81 -12.36 -1.10 64.94 14.39 -73.38 89.55 75.21 29.91 53.97 -88.95 -5.23 34.75 40.60 -85.38 -71.69 35.91 -90.25 -85.39 51.87 -42.99 91.92 37.74 -58.94 -24.83 7.96 8.77 -99.07 -61.29 -78.34 -76.40 -90.42 -6.25 -64.11 37.85 48.81 17.39 -30.92 -31.11 9.85 -87.33 -44.21 17.05 -74.51 36.78 30.67 53.29 -84.57 52.80 -91.63 -11.90 12.13 -0.86 10.64 70.80 -88.19 -64.45 -76.58 71.01 -85.00 -44.26 -97.86
-35.28 -40.29 -62.05 -30.80 12.44 68.91 31.04 -74.60 -75.83 -94.91 -76.44 -77.64 -15.13 90.88 90.09 -80.34 -39.69 -70.01 43.45 -3.84 39.55 47.75 24.08 -15.36 40.26 84.65 12.41 31.57 -99.35 -17.15 0.29 -89.12 38.92 95.71 -34.89 20.35 -77.25 -20.39 45.69 59.22 -35.91 83.16 -26.04 -29.24 73.03 87.31 -14.53 64.26 -3.43 80.45 -17.78 -51.98 -89.58 -63.09 -75.60 88.74 -29.68 85.18 23.25 -75.68 -64.73 -83.01 7.33 59.38 -23.96 69.79 -62.55 44.72 -65.72 26.91 -19.60 51.56 -92.29 92.99 20.50 48.93 -53.27 97.57 45.50 4.53 -38.89 60.98 93.28 -99.35 -5.69 23.83 -94.43 1.56 35.71 23.30 -10.76 84.98 -80.92 -13.83 88.02 18.24 -95.55 48.15 -36.59 -50.53
85.74 -58.80 -15.21 -73.18 -6.41 -12.10 -81.15 99.82 -28.88 31.54 -3.65 28.07 -6.36 -28.60 25.79 0.25 44.25 57.15 -11.87 -84.25 92.55 21.61 -19.15 -46.50 -89.18 -41.55 56.88 21.83 60.29 -18.52 -57.68 70.82 57.60 38.17 88.14 -57.91 -40.38 80.24 72.74 -78.48 -1.95 4.48 -90.84 -88.22 -33.43 -78.93 21.52 83.97 -1.65 71.35 -86.85 15.91 -41.53 -57.64 66.99 28.73 88.18 59.12 41.98 33.21 66.72 -40.10 -44.13 -54.86 63.81 45.97 -76.74 -62.73 42.82 58.84 30.62 75.33 -26.04 -86.71 -63.22 48.50 80.63 51.02 57.81 -75.16 71.43 -69.32 -62.69 -65.94 -87.15 -7.69 88.60 90.08 -70.88 -15.10 -5.29 -90.77 0.07 -38.22 40.69 -44.58 -38.78 -91.22 12.46 -77.33
60.83 -72.31 -89.29 62.07 8.53 62.05 94.98 -26.43 65.51 -12.96 75.32 -39.38 40.33 -39.43 17.04 -56.83 -48.26 -3.89 27.48 -2.81 -27.18 80.64 -0.91 27.16 -36.13 28.53 88.05 52.05 25.71 39.07 -92.89 15.37 -62.02 -39.13 -92.82 89.99 -90.57 18.98 -70.27 -4.46 -53.80 28.52 -5.60 66.97 -34.22 -67.02 37.01 5.20 40.46 -47.55 9.00 -46.74 -74.53 -57.17 -46.33 11.39 80.91 -14.43 -85.64 32.30 -65.17 -38.70 -46.95 -4.51 -87.58 48.84 76.71 20.93 -30.52 -1.99 -75.28 30.27 71.09 -9.15 30.87 35.50 -80.21 -51.92 -9.54 79.97 -91.31 22.71 -29.05 89.40 76.79 47.37 27.73 39.73 39.64 -17.77 -23.62 81.42 -60.49 79.96 -25.80 10.92 -19.99 -62.46 -47.15 63.58
97.32 -50.12 -21.78 -1.88 11.69 25.57 -72.21 6.07 36.31 -82.65 -55.69 -54.84 76.19 36.57 -26.54 -5.42 32.93 -70.67 7.97 19.80 -0.52 38.46 -59.10 -56.59 30.85 22.62 16.46 64.60 -88.98 3.18 54.22 -51.19 54.17 38.70 -0.23 -72.28 43.90 87.57 -46.75 36.56 -53.53 43.41 -72.92 30.73 -18.50 -39.02 91.29 -20.53 30.78 -99.99 -74.97 73.45 85.31 -32.51 24.43 -41.18 -41.19 -25.55 70.69 -51.49 33.85 -16.66 -86.08 -57.74 -27.18 62.15 14.65 -25.70 31.15 -99.73 84.90 -85.45 -78.89 26.99 71.29 -46.81 62.70 -83.38 58.09 -74.66 -50.38 -14.34 -14.62 -11.05 -55.44 7.23 65.47 -4.93 -27.76 -33.37 1.19 -18.68 -6.59 28.46 22.02 30.84 79.33 -1.24 3.79 27.81
-64.02 -59.35 63.84 -18.59 -17.95 -5.29 -7.94 -79.99 -64.47 -19.50 -11.27 88.57 78.16 -69.56 0.78 35.78 93.25 38.64 -65.16 35.96 49.19 68.94 65.49 25.83 -21.26 23.26 48.62 37.77 41.48 75.54 68.26 -0.53 58.13 -19.94 82.43 94.19 -75.49 93.04 58.00 31.81 76.63 35.04 -82.90 -82.21 88.36 -18.03 -68.94 42.23 82.65 72.26 -37.13 -16.58 30.06 -67.23 33.85 78.77 -92.41 8.10 -91.69 -72.71 29.72 54.78 78.44 42.39 -23.39 78.73 5.67 89.19 87.56 37.39 -55.81 -73.19 -73.32 -14.37 -33.81 -83.59 -98.07 -68.86 -57.62 -62.46 -63.23 -43.24 -63.32 59.47 -16.13 12.14 -77.22 61.25 -21.37 -16.83 -41.04 27.51 -46.67 -98.27 -44.14 -69.19 90.00 -17.73 -18.15 71.98
-52.00 21.62 57.78 -29.60 -55.30 -82.49 20.76 32.77 -19.10 -96.76 -87.84 42.89 93.57 48.89 88.46 -13.47 -52.13 84.87 -75.56 -17.48 -38.51 -53.41 78.47 -50.20 -77.17 -92.03 -81.80 81.46 44.92 -66.72 50.45 1.88 -32.54 -55.81 -13.34 -89.55 67.50 -86.49 55.55 -28.35 -67.71 31.68 -29.07 4.30 17.00 -63.48 -18.72 37.02 -59.58 41.87 30.39 90.25 8.93 -7.33 12.70 9.68 -72.59 -7.52 -67.42 26.25 -30.78 72.82 -57.87 48.65 49.23 99.96 21.93 -23.65 31.58 -17.66 87.76 -64.95 39.47 -76.49 -96.28 -97.84 44.37 -25.59 -99.53 -56.32 -53.42 -54.93 1.18 71.27 -43.28 80.35 -38.52 -1.41 26.03 -86.48 24.54 -4.30 -13.74 26.52 -56.74 50.58 88.13 32.84 -51.87 -41.20
67.99 28.94 -25.37 11.29 -68.13 -26.37 -30.99 -40.22 97.57 -78.97 89.02 31.83 -71.75 12.66 -30.89 -0.49 0.02 63.08 -81.70 97.33 -76.87 -1.51 15.89 94.30 -72.95 -33.88 -23.05 -86.08 -52.36 -18.39 60.86 -50.26 42.02 -36.16 -96.19 -55.14 70.33 -6.90 -62.59 89.86 -47.23 -9.54 37.17 -83.67 -63.80 87.54 69.80 -88.04 97.31 27.91 13.52 -64.39 -16.80 -59.93 -44.48 -26.01 43.57 -82.64 -82.88 1.62 -33.45 -82.78 96.21 80.78 -91.35 94.59 -86.09 -41.08 -31.76 -19.48 -67.91 38.48 -4.92 -74.05 45.75 48.47 -16.48 -8.14 -73.43 -97.79 66.58 8.69 -15.30 66.39 72.13 -76.85 -93.92 33.81 59.91 59.71 54.26 -77.01 5.44 -4.26 -43.90 -84.32 -38.17 43.29 4.40 25.25
46.68 75.63 21.09 -71.78 38.65 -22.16 96.26 89.89 7.14 17.40 8.13 52.63 74.03 79.82 74.11 -91.25 -19.47 33.84 -89.25 96.58 31.80 -76.89 23.48 -87.00 -21.26 28.95 34.92 75.64 -20.50 -78.93 0.58 -52.68 -55.34 -29.18 -48.34 56.04 64.27 30.98 72.72 40.39 82.68 -0.01 42.66 30.71 76.35 -58.88 -54.22 20.10 19.66 10.93 -16.64 36.03 59.98 -58.21 -84.97 -66.06 -74.26 -65.24 10.28 -71.33 -32.36 -70.75 99.52 -55.65 -16.23 -51.07 32.61 -62.72 -20.74 84.30 75.96 76.71 -19.78 -69.16 92.67 14.53 39.17 -75.01 -50.49 -40.96 -22.37 17.66 -48.92 77.43 66.50 -23.12 -5.40 -50.61 85.00 93.19 99.38 30.40 -5.51 97.27 -30.41 71.10 41.19 75.90 -67.97 -31.87
22.75 -90.63 38.99 23.93 25.72 38.03 65.80 -81.90 92.82 -24.52 -71.49 -55.82 -1.27 87.98 -23.90 55.13 67.12 57.21 -18.18 -54.83 -64.15 6.55 55.23 97.61 96.57 -78.53 47.39 23.53 76.57 71.55 6.31 35.10 -31.69 -26.72 -46.63 97.53 -96.78 -3.21 -60.85 -46.76 22.55 -40.70 73.35 -24.09 15.07 -75.95 4.26 -4.24 99.71 -32.38 -47.42 71.92 -43.65 15.81 9.58 7.24 -90.05 -7.16 -48.50 -32.99 -82.66 -76.92 -98.62 60.70 19.74 52.57 0.69 -55.12 -7.93 51.42 16.02 6.02 63.31 56.30 24.13 -90.37 48.88 20.56 -72.23 68.35 41.88 64.92 -9.51 -67.64 93.85 58.87 16.52 9.62 39.72 -19.20 -67.91 70.38 -68.76 -70.50 -65.34 13.83 60.02 -46.81 25.75 -15.15
75.91 93.81 -73.54 17.75 -66.38 83.95 7.67 70.96 42.84 78.83 21.45 -70.22 79.59 -32.34 -96.93 3.56 58.88 22.40 -75.86 -97.65 -15.08 74.29 66.38 -93.29 40.42 23.94 -80.88 -32.82 36.17 -4.74 -55.25 1.21 -7.18 -44.83 15.06 64.27 -56.47 35.37 78.75 63.90 46.88 -28.94 3.52 -79.89 2.26 33.29 92.84 -47.19 20.85 -9.50 51.78 86.29 49.95 29.62 -99.29 -88.48 54.86 88.13 -78.79 -22.02 -54.01 -97.09 -82.88 -48.25 38.57 5.15 -36.49 -29.69 77.87 0.43 42.83 -72.63 5.61 92.87 7.41 -21.09 98.63 64.96 -44.69 -2.92 -5.25 -93.87 -98.17 -28.14 13.34 -85.38 -79.23 -49.35 8.54 68.55 -87.05 70.24 -69.57 90.58 -82.79 -64.62 26.02 92.35 60.38 43.19
-91.36 90.41 -88.98 -66.47 76.35 72.63 71.04 -89.47 -27.04 -71.05 16.70 -20.32 -25.79 21.66 -47.89 -27.55 -26.95 18.59 8.72 73.65 -83.94 8.45 93.46 65.18 86.08 45.54 -31.61 -0.18 -76.07 -96.42 12.41 45.74 87.34 95.87 80.74 51.52 -76.08 16.68 -85.82 12.66 -91.74 -16.28 -70.79 -61.33 88.90 -7.01 -48.92 69.98 83.81 49.21 88.83 6.57 -74.91 23.36 78.10 43.49 17.65 52.02 -74.86 89.67 50.12 -77.13 -96.00 -4.03 10.25 -81.14 4.70 -0.06 75.91 53.05 45.84 -83.03 64.45 27.00 -4.96 5.60 -99.91 -24.72 -4.59 -6.02 -53.00 57.14 -63.49 -61.07 -42.93 46.53 -50.47 -51.18 -35.03 -54.44 -55.63 -54.79 78.41 -39.12 -18.31 18.65 -59.24 -52.35 -81.02 21.94
94.09 71.48 59.60 -31.36 79.52 -60.65 -28.66 -69.71 -38.46 -23.46 10.66 -83.66 -14.90 81.44 -38.56 99.35 -91.83 64.19 -53.49 74.20 33.31 -70.52 -9.99 -62.23 -80.07 -5.46 -2.76 -48.65 -99.67 -70.50 28.36 1.32 58.08 -92.78 98.18 -74.31 -70.93 12.86 93.82 -44.36 -90.36 22.35 -75.64 -7.61 50.12 -24.39 -70.34 -5.58 15.18 -87.25 -30.75 68.37 94.21 -81.92 85.96 -43.97 -69.91 -3.15 -94.78 -78.75 96.43 62.10 53.14 14.96 87.92 5.60 58.88 -27.41 -19.09 78.67 49.42 58.11 26.91 -60.91 -32.57 -23.03 -32.97 88.13 -60.71 65.98 93.71 -0.87 -55.23 -89.82 24.98 18.69 19.85 -77.32 -76.39 49.79 42.23 -61.00 -90.45 -25.28 24.79 -91.57 -97.02 42.92 61.23 4.39
48.97 -90.53 69.93 88.93 -17.34 -82.58 60.30 51.36 44.30 -68.22 -5.23 -14.10 9.28 -6.92 -46.77 -11.38 -70.77 50.42 -4.96 -35.31 -68.09 -53.02 15.43 -45.97 -80.89 -85.77 17.79 95.66 93.41 17.72 87.58 -65.66 -19.29 32.96 -29.54 1.96 -49.10 -37.29 4.02 26.40 93.69 80.84 -66.50 -63.35 47.17 -69.25 29.30 99.72 -83.07 64.44 71.95 -85.91 -82.68 -75.53 71.97 -38.90 71.14 -33.15 -6.52 -97.39 -78.32 -79.98 -15.47 -59.83 -34.15 -63.36 -47.87 -86.64 75.32 72.74 -16.79 -98.77 97.28 -16.04 6.36 98.13 -65.29 -98.49 59.68 36.03 10.45 -54.59 30.70 91.98 57.45 17.45 -46.60 -98.72 53.82 -47.50 -72.54 8.36 -28.45 3.98 -32.78 -45.15 -15.10 -46.16 -35.21 -81.72
60.32 2.57 19.71 91.50 70.24 -35.70 94.08 4.00 -29.45 71.84 74.48 60.58 40.48 50.78 -50.52 -62.89 2.63 70.17 34.27 34.18 48.71 0.17 -10.75 85.09 -77.88 -93.98 -27.11 19.20 64.34 -56.00 76.96 79.88 56.87 30.35 99.98 -96.43 -67.03 2.20 -51.08 -70.51 -87.69 -44.47 -85.62 -30.91 24.70 -73.74 -53.03 -40.33 9.53 -77.38 1.80 -7.88 -31.65 2.09 -43.39 -98.56 -85.45 -26.97 9.53 -67.80 -17.15 45.06 34.30 17.42 96.35 -74.32 -42.19 -4.87 96.02 -15.06 -47.74 15.18 -4.42 -4.24 -26.43 -51.58 -95.37 25.68 66.37 -70.75 -2.30 -37.75 28.44 87.17 6.95 85.87 1.91 -88.03 75.58 -2.39 -97.12 43.90 7.56 19.06 -39.46 89.98 -86.50 -47.62 -13.96 -31.60
99.66 49.44 67.50 -63.84 72.14 -13.41 -75.82 29.49 27.38 68.50 52.47 58.93 -94.66 -40.94 32.10 29.26 -8.61 17.60 -2.47 44.05 68.29 -15.03 70.63 81.83 20.44 -12.02 -34.00 8.65 3.40 -75.45 95.63 -10.90 -94.66 48.79 17.10 -7.66 43.66 -10.35 -58.39 83.70 10.92 -49.44 -6.28 -56.88 38.13 -94.25 1.62 94.07 -26.74 9.33 -31.50 -78.96 51.72 19.70 -79.77 82.55 -59.55 5.24 78.38 15.26 -56.78 41.75 63.11 -36.32 -70.66 -85.05 13.45 24.38 47.80 -87.87 -67.31 -58.48 -15.30 5.31 40.70 -84.52 -80.37 -41.92 22.94 -48.41 -27.61 45.68 -2.67 -92.07 -3.60 30.29 -1.95 91.60 -9.53 21.83 21.49 -85.87 -74.73 71.99 75.87 -95.01 81.99 -62.04 -54.10 -28.73
39.70 -32.68 59.83 -95.29 -88.94 27.27 0.97 84.17 -44.38 27.35 -60.37 28.65 -88.50 -26.50 15.05 -22.30 16.94 8.61 35.60 17.72 -2.32 -75.54 86.10 -49.19 92.76 -11.23 -6.07 50.67 -18.51 -11.97 59.09 60.14 94.93 -5.46 81.43 -24.80 -10.70 92.13 47.39 -80.44 98.16 49.56 16.63 83.58 -96.92 -72.72 16.40 -98.66 97.17 -59.00 -63.48 84.67 72.92 10.13 7.86 33.47 1.60 -69.12 -55.38 17.32 52.45 -94.57 33.52 -78.21 86.64 -76.48 -20.59 32.16 45.89 35.96 96.68 -20.38 55.61 77.15 31.36 54.96 31.69 56.89 80.20 16.57 -13.27 84.93 -85.51 40.89 49.30 -68.08 -37.08 84.34 -80.53 89.06 -22.56 -74.42 -47.89 62.75 -92.71 98.83 -72.19 -22.91 -92.24 47.67
-10.05 84.03 -8.21 -10.09 -0.28 10.30 -87.56 8.11 -78.97 84.27 -32.61 -38.85 -35.78 47.39 94.98 -98.00 80.70 -42.05 -25.22 -52.07 -47.13 -31.61 43.33 -20.66 -10.66 -59.10 -14.35 -93.06 37.42 43.31 96.22 -73.43 -39.53 -33.86 -45.40 50.89 91.73 -69.30 75.38 85.58 -34.07 -62.47 -37.55 70.53 -61.41 -3.88 -79.18 16.29 -10.12 -43.13 -55.07 75.35 -62.79 16.29 -90.88 -0.23 -0.49 23.43 69.01 67.26 -62.70 39.20 -55.91 15.38 73.36 86.24 -13.11 -6.56 85.15 75.76 90.38 65.97 -99.21 -69.22 94.25 -94.29 -15.35 -97.40 -66.43 96.02 -37.71 -90.24 78.34 -67.89 93.98 0.76 -21.11 57.43 -36.91 -79.42 -56.56 -14.92 -63.13 -60.99 74.21 99.44 89.96 -55.71 52.96 -70.13
-78.22 -70.60 71.82 9.92 70.27 -99.82 79.07 57.66 -71.41 88.07 75.70 55.43 -92.57 47.64 40.94 -67.28 9.45 76.96 -68.62 -56.64 -7.02 -94.95 -82.00 58.31 -96.83 31.38 68.28 -47.00 83.53 40.67 5.17 36.54 -7.16 -51.85 7.57 33.28 14.63 94.19 -70.43 12.70 7.22 -43.05 -75.96 -68.14 99.10 42.64 -84.38 56.04 -32.77 -95.35 43.59 -90.71 -15.55 -10.26 -27.89 10.19 13.91 79.30 -53.60 3.85 25.08 -29.68 -97.32 -29.01 -19.48 -95.84 -33.75 61.04 70.12 98.74 55.62 73.85 44.59 25.83 32.72 0.02 22.78 39.47 -54.34 -69.27 54.06 43.48 -44.04 -94.95 54.31 45.28 66.45 -99.85 -13.27 59.00 80.36 66.13 48.38 67.18 11.66 80.62 97.04 49.07 67.45 -52.35
-61.25 75.00 31.87 -83.65 85.57 -61.82 -77.40 -28.09 75.01 99.39 12.97 -88.21 42.18 64.44 -26.04 93.77 71.60 0.41 8.91 -75.28 -95.19 94.98 -23.38 -41.94 80.29 -0.38 -30.67 51.72 -44.56 27.04 81.11 -5.58 -96.56 -70.97 -19.80 85.67 87.86 -2.08 -83.95 -73.82 -39.60 61.26 70.60 93.14 -49.11 2.49 -51.79 9.16 -4.92 -45.44 -4.96 -20.78 -65.58 53.81 34.14 13.58 -42.43 66.47 -58.68 -51.71 28.05 -26.42 61.26 81.57 -25.68 34.15 -48.78 -45.83 -64.24 -39.47 -91.84 89.59 -67.74 -3.61 54.10 55.57 38.84 -99.54 25.48 -50.67 -90.99 88.09 -67.00 76.48 3.15 95.15 -75.60 16.13 -14.16 83.91 41.52 68.01 -83.60 56.76 73.48 -90.99 -38.50 62.44 38.87 52.02
62.19 -29.55 -26.26 -87.16 88.03 77.23 -93.84 86.89 -25.52 -39.68 -41.23 30.05 80.16 -98.63 30.33 -60.44 -15.96 1.93 -66.57 59.03 -81.07 -96.34 -59.71 56.32 -82.91 -11.50 -70.46 -32.25 67.29 -53.72 -60.81 15.83 32.55 -45.74 -96.13 -91.55 -38.74 37.98 73.51 -86.35 -43.56 44.37 -77.17 36.83 -45.51 11.61 70.62 -5.48 -71.11 -73.98 -7.75 -2.12 90.64 -46.49 99.99 50.66 92.96 35.22 40.38 -47.94 -90.02 89.12 -15.22 38.55 45.83 -43.53 9.55 -7.32 -16.25 -29.63 -5.75 85.91 -69.97 -43.96 -65.64 -85.51 -10.39 -5.89 45.45 0.39 -19.54 31.75 -75.50 -38.25 -94.83 -66.73 47.56 51.96 -16.53 16.05 21.68 -24.34 80.41 62.40 15.04 -10.53 -95.79 -46.62 95.98 -47.15
-71.67 74.35 38.38 94.23 18.66 73.49 57.20 -14.62 18.75 -39.49 73.19 80.43 -96.62 -89.98 25.90 99.73 6.58 32.05 -55.43 -99.35 55.93 -82.49 -73.73 -77.62 28.82 -85.95 11.05 -16.99 -0.44 14.44 60.10 -52.64 -1.92 70.05 43.97 23.80 -95.27 -18.26 -11.63 -35.53 17.45 -40.25 -34.63 -11.08 -37.44 -90.21 85.51 48.10 3.17 -95.22 40.37 61.70 50.38 91.37 39.89 -8.62 65.15 71.23 -42.64 36.65 -27.40 6.37 62.19 -44.25 -53.66 -62.68 -21.50 -60.21 -80.36 -31.52 42.23 87.84 16.91 -30.76 -32.18 -36.10 -32.54 -16.00 -58.89 -55.19 -4.53 -96.49 -20.30 34.43 -71.57 19.01 77.59 13.85 -6.32 64.31 -8.31 80.38 67.49 66.85 46.92 -55.28 -78.15 -15.98 8.06 -65.04
6.77 -16.21 80.96 89.91 -73.33 -53.74 -60.26 -45.38 -89.61 41.78 90.49 -39.33 -14.44 -35.93 40.92 -8.48 -61.56 19.15 -90.58 79.23 34.86 -27.76 -74.72 94.63 -13.86 -51.28 51.53 58.17 -39.76 -59.69 45.26 -35.63 -85.14 7.85 24.53 45.41 1.90 88.59 -63.51 -85.56 -76.70 3.05 69.88 -41.70 68.95 -48.42 -76.63 -56.03 10.76 52.27 -15.84 47.62 10.84 -37.65 39.82 -44.64 70.13 -59.20 71.30 -37.53 -89.47 -84.93 -25.39 -19.71 -60.70 7.99 60.93 54.23 33.10 -76.27 -58.54 -41.69 15.40 22.93 -28.86 93.71 -48.30 -60.68 -70.80 -85.31 -76.78 -59.70 32.36 36.84 19.51 34.46 -47.45 63.62 -76.72 -71.34 11.60 19.11 75.21 -17.64 -44.15 10.82 -0.37 34.72 -21.35 43.70
-28.78 43.54 -34.94 89.94 -16.65 20.45 -78.67 63.50 78.43 2.75 27.19 -92.46 57.72 -55.14 8.89 -36.31 27.78 95.25 53.26 -34.29 -7.93 -74.03 -16.79 -28.20 59.46 81.22 -8.73 42.17 -94.96 -98.56 57.77 69.50 98.24 2.45 -16.46 -39.23 55.76 -76.49 -3.87 -4.88 -85.21 73.23 37.62 -53.22 -25.66 41.14 -10.83 -90.36 85.29 -21.06 83.60 71.20 23.04 88.59 98.21 93.98 -71.10 98.65 -72.17 56.81 -82.20 -88.52 81.54 -55.59 57.06 49.71 69.82 -11.59 -95.53 -48.72 -52.61 -80.30 -88.72 17.94 -42.09 80.29 -26.15 -43.68 87.76 -2.17 -85.07 -6.07 -38.75 -82.86 15.87 20.36 -68.71 37.66 74.08 -71.31 -50.52 3.87 90.56 22.94 -11.31 3.78 -13.25 68.24 97.62 -83.32
-89.17 -59.12 33.61 -52.33 -80.64 44.02 2.33 -11.82 -71.33 21.01 55.70 -44.71 1.47 23.60 45.28 -46.30 -81.31 -58.93 -87.94 31.79 36.33 -62.52 89.94 6.71 91.73 -59.52 45.61 74.13 -69.08 -73.66 -40.02 82.55 61.47 19.99 -3.17 -76.14 -71.83 53.73 -54.64 -62.31 -78.87 12.58 -57.62 25.69 -83.60 -17.42 -14.96 38.12 54.74 93.74 83.35 59.24 -54.69 -77.44 81.02 -99.04 46.37 -86.17 -77.83 -14.69 -10.42 74.99 49.86 10.34 -35.05 3.44 18.40 -31.85 -95.64 -24.50 1.85 -32.37 -35.80 13.99 11.15 -27.07 -13.37 97.91 48.82 -6.76 -0.54 -20.98 -5.13 -5.09 -83.71 53.58 -72.81 -89.16 10.25 38.40 73.43 -19.41 -55.35 70.17 -69.23 -65.30 54.58 -42.20 -72.87 -61.55
62.11 82.20 75.10 75.69 0.02 58.40 14.45 14.18 11.60 83.50 -45.44 -15.91 89.65 94.35 -31.30 -48.81 1.61 43.70 88.08 80.73 -32.80 -87.02 63.83 48.20 -67.33 66.38 -83.20 -37.63 98.43 97.42 -24.49 -14.86 -50.91 99.55 -53.64 -85.48 -14.96 18.83 82.09 61.54 -62.58 -40.62 -29.30 -78.05 -6.52 -90.19 -64.23 6.50 -4.50 -63.95 -57.43 56.33 86.21 28.62 -82.21 77.60 -35.33 -82.27 48.36 -75.10 56.37 -47.39 94.87 -51.13 20.02 45.94 -29.54 -51.12 -21.45 -73.18 22.89 31.33 -82.96 -84.69 -43.96 66.03 -3.43 50.60 -17.84 -4.50 -15.27 -50.08 -85.32 -80.42 -64.12 15.16 -77.80 -74.99 20.06 -30.85 69.20 -62.10 -4.55 81.50 -9.01 -0.32 64.03 -68.51 76.96 -23.91
-97.49 -69.81 53.39 38.07 -69.46 26.88 83.70 73.34 10.66 -47.86 -46.23 -6.39 -18.22 -29.20 24.32 17.01 -68.70 -53.92 -82.84 29.43 60.53 83.14 69.06 37.31 79.09 27.64 -43.53 -30.45 -65.82 95.15 -39.60 -61.05 -61.80 -12.69 -42.01 -11.22 -52.53 -80.32 -71.41 84.42 -50.32 77.02 57.73 96.65 -30.85 52.25 -57.66 -15.47 89.73 -82.22 -27.56 -12.90 -89.63 38.97 -85.77 34.75 71.72 -3.97 53.01 -86.93 83.64 -75.41 -58.35 -49.40 -41.88 99.79 92.11 -39.33 26.71 -30.94 74.55 -23.21 -72.31 -28.28 90.30 83.87 -92.25 -63.69 55.10 3.15 -66.62 93.17 80.06 -51.48 -70.20 95.99 -30.85 73.27 14.69 16.61 16.56 70.81 -72.06 -73.08 -27.28 -10.53 -17.48 93.41 -97.95 -25.49
-42.18 -85.33 -56.63 40.07 77.11 -64.85 -22.98 89.72 -38.64 -65.14 7.11 30.12 -20.14 46.48 70.38 63.15 -49.78 -66.83 -69.15 -87.75 -94.31 -56.14 22.67 -73.03 -67.42 19.90 56.19 -96.12 52.64 54.30 -5.65 72.93 55.37 41.34 -64.14 86.21 45.54 -91.94 -4.70 -73.42 -6.71 34.78 7.48 -80.88 76.56 -78.64 -53.29 79.68 68.97 5.46 -56.97 67.56 -26.42 63.03 -6.03 -15.22 94.12 -41.95 -92.90 -77.85 28.92 -40.48 -44.56 89.78 17.87 87.91 -77.54 95.34 -80.08 -10.49 41.16 68.26 33.63 -29.74 -99.88 81.70 -17.21 13.69 -49.54 -33.78 29.69 -88.30 81.53 41.92 -12.35 -26.17 -29.66 79.64 -52.57 95.12 15.67 28.35 38.07 -10.52 -63.94 -46.35 -25.06 90.00 -46.57 7.12
-11.88 11.29 74.61 -20.85 3.24 92.00 -39.62 -59.40 -16.67 12.98 -12.40 -40.74 50.69 50.04 -18.74 -37.16 -7.91 52.61 -9.87 -88.56 85.58 -98.96 87.97 48.28 -70.47 72.97 93.12 39.50 23.19 -82.48 -15.97 -32.34 -8.73 72.24 62.79 -66.33 -23.78 98.43 -16.94 -20.37 -74.61 21.49 74.52 36.31 -25.41 91.05 44.87 25.17 -21.74 -65.03 -5.36 60.87 -62.58 -21.85 66.28 85.43 -55.45 7.68 62.72 -78.34 -87.50 -14.04 -12.93 -7.86 -89.31 77.51 -21.88 -24.47 -55.07 31.84 -53.90 -0.75 -22.82 47.14 46.61 44.56 83.68 23.16 40.93 94.09 -17.25 -47.17 -74.78 59.41 -27.40 -44.85 -70.20 85.61 -10.42 -71.88 -91.15 -16.62 -10.11 -52.73 56.66 -70.07 -6.85 -12.41 -12.13 -67.38
-17.53 -46.45 -12.07 22.49 60.87 -97.88 -80.45 -69.12 -67.08 -35.07 -12.19 62.91 -41.88 -13.14 71.03 84.02 -78.30 21.92 -33.04 17.38 20.12 -83.22 -82.17 -60.31 37.87 42.05 20.48 7.40 18.48 -90.85 48.21 -3.26 -46.64 -65.17 40.04 -15.48 30.05 65.56 94.99 95.77 74.84 -98.69 0.57 -85.09 72.76 -5.00 -59.78 -36.47 53.15 74.97 75.34 10.04 -42.89 -62.10 -48.08 -53.40 -74.08 18.91 -52.94 28.26 0.80 -17.30 64.34 36.84 -26.01 44.63 -44.64 26.80 -23.23 15.81 -18.57 0.88 61.54 -33.48 49.13 62.04 14.86 -83.00 -58.47 70.67 -84.28 39.79 -97.18 -40.64 -64.15 -26.45 -55.08 42.32 48.81 -73.08 33.73 -54.99 -4.21 27.34 86.53 80.13 -84.80 -69.44 90.91 -32.32
-8.00 -58.90 79.07 -42.31 -30.84 62.60 -8.19 -76.76 33.09 -45.83 -18.24 16.58 99.20 5.10 -74.18 47.20 81.74 25.16 23.12 5.47 -60.61 -26.57 98.88 32.46 -86.12 -13.16 11.67 -44.43 -36.93 -28.00 71.67 79.66 72.44 -23.37 39.03 -75.87 46.90 21.21 47.72 -89.68 -74.82 -90.71 16.52 -41.91 8.97 -48.79 46.02 -57.39 -12.37 -3.74 -40.43 -4.28 -58.47 82.14 -30.85 17.73 -33.18 64.19 8.72 -0.24 49.79 -93.91 71.49 -54.29 -9.93 40.21 -4.07 59.06 -16.99 -77.38 -78.27 75.34 40.38 -79.03 -91.47 -68.85 90.43 -91.93 44.54 -42.90 54.01 -29.57 23.25 52.15 -15.25 5.75 72.24 -46.09 -84.28 38.90 -44.84 -64.24 -46.08 93.86 31.89 -46.49 67.28 73.77 -15.04 48.00
40.33 -4.69 -56.08 99.25 -9.34 -78.38 -42.31 64.22 43.77 35.56 85.66 26.65 93.46 -31.51 -38.54 20.12 60.36 35.17 18.75 -6.60 84.50 -9.73 -66.74 -40.89 -48.11 52.86 -2.15 82.19 -63.39 -77.44 19.44 -66.17 -35.24 -64.23 -41.78 -30.88 -87.09 -22.82 62.50 28.70 -70.08 -55.97 -29.91 -91.66 -63.47 94.46 44.43 84.89 90.13 -48.34 1.40 14.67 -10.92 -22.10 -89.81 -89.23 -47.22 52.12 -77.36 59.60 52.45 -69.82 53.68 67.13 -31.74 23.69 13.30 90.55 -16.63 -30.09 -47.79 -19.20 42.94 -44.79 -5.41 -37.33 82.35 -84.97 -91.10 41.41 43.40 -14.36 14.64 41.15 -19.69 -86.25 -64.21 -68.68 45.45 -79.75 27.93 -42.43 61.30 92.56 37.11 41.52 -41.11 52.38 42.87 -2.25
84.23 11.22 -39.79 23.57 -28.29 -89.65 -87.49 -25.49 -68.56 -0.94 27.70 -26.24 10.86 -25.66 -75.37 -46.32 51.21 86.88 58.30 -21.92 -86.72 46.87 -56.99 71.97 5.70 -41.96 -59.17 -55.62 63.58 -39.37 -11.81 23.28 -50.64 -44.98 -18.12 -95.44 57.16 -51.55 33.81 -46.80 -46.40 -84.84 39.98 74.73 76.39 -81.69 -94.93 -66.50 -68.53 91.92 -4.84 67.53 34.53 -89.13 1.46 -91.43 -77.67 -72.84 42.50 -61.52 34.90 -68.59 -28.71 71.75 -59.95 -22.23 -58.70 13.72 10.36 -1.64 -92.94 -46.68 25.79 36.45 -37.23 -34.24 80.06 25.77 -26.38 -57.99 60.22 27.41 56.64 16.95 -65.74 95.86 -5.78 22.93 53.90 83.96 96.12 57.24 46.82 48.18 -57.17 -89.35 60.71 16.54 -79.65 -60.36
-91.07 -91.01 86.74 62.82 -83.35 54.22 35.29 -44.95 -83.88 65.72 -50.00 -3.54 31.25 -51.99 -36.00 98.49 -54.38 -1.82 -29.69 59.52 -45.39 -60.02 -71.20 -84.10 67.46 45.69 -83.94 8.95 37.57 -55.45 -56.84 -61.90 56.10 7.41 92.51 -7.79 -36.98 -64.71 78.49 -74.27 -28.59 -61.49 21.61 -36.96 40.27 -15.89 49.95 -15.74 49.11 -47.12 58.89 6.16 -18.30 8.13 -3.14 -12.51 -21.81 -73.41 -74.30 -81.95 13.65 -46.66 -91.69 -47.76 -81.65 -98.52 -28.42 10.47 -34.73 27.11 -54.63 -55.25 -60.29 -74.71 41.28 -8.81 41.18 -77.69 -38.92 28.39 -62.78 -77.34 -10.48 -64.49 -3.01 98.49 -61.71 41.22 3.69 35.65 -58.61 68.91 -26.62 -4.30 0.32 -54.66 86.58 79.97 76.26 -45.30
74.78 -76.47 -51.64 81.83 -48.77 86.61 -19.24 -79.64 57.18 -13.86 -61.85 54.08 2.35 -4.68 80.82 -43.57 -25.34 -30.83 -34.20 54.49 25.93 54.17 -74.49 38.72 11.67 8.61 -91.98 89.47 20.45 69.52 19.02 -59.37 53.81 34.68 89.19 32.49 -86.96 26.79 48.56 -7.97 -94.29 29.23 46.04 -61.18 -15.94 27.97 82.45 70.04 37.29 82.86 25.29 -50.21 75.15 38.84 -42.48 -40.28 -53.62 -54.62 -29.59 26.60 -53.87 83.38 42.82 7.10 -36.17 -71.23 56.50 -49.91 13.74 -52.14 -80.59 -26.94 -33.73 28.36 41.10 -25.24 -73.15 -72.01 97.51 -43.23 -5.24 -59.69 -57.40 -4.54 97.60 16.56 64.67 52.33 -8.21 57.63 84.58 -99.24 5.64 83.37 -77.20 -53.86 93.20 8.28 -36.52 -51.55
76.55 34.86 -12.96 73.20 2.60 -30.13 -50.91 -24.38 -18.97 2.93 -83.45 48.17 -67.66 32.22 75.05 98.01 55.26 -45.71 -58.68 39.01 1.12 -40.96 -59.05 -9.03 -89.37 91.84 -36.96 -9.87 -1.53 44.04 88.35 72.15 -71.25 53.56 61.34 56.10 -0.60 40.18 76.06 57.55 -44.59 -49.09 -86.62 62.34 56.35 55.18 -10.61 10.10 -81.40 67.92 94.36 41.69 84.92 -35.36 52.21 93.52 88.09 81.66 78.90 12.31 -20.50 43.79 53.70 50.04 10.69 0.65 -93.83 63.18 69.86 28.83 -91.37 66.71 43.25 37.49 -29.54 -97.91 -82.85 88.18 61.46 -13.93 49.25 -16.37 -16.67 89.60 -90.03 97.36 -88.29 73.87 -24.73 -21.22 62.80 -19.01 22.92 52.78 5.46 40.44 59.61 -59.47 -98.93 -39.12
42.73 -85.41 99.82 -38.86 -15.28 31.23 -1.04 -3.13 79.65 -96.87 30.81 88.89 24.04 98.95 37.56 -24.77 60.42 76.28 -86.05 -50.49 -89.86 -49.07 -61.37 6.87 -57.59 37.63 50.12 -62.52 -45.01 -71.08 12.51 13.48 52.75 -90.48 86.25 -20.92 60.77 82.00 -72.64 -47.48 -59.14 3.18 -13.59 88.73 32.66 -76.87 92.64 70.76 -74.39 -36.88 35.52 -82.38 58.51 64.52 44.18 -5.24 93.42 -77.24 -81.35 -10.28 71.83 87.97 29.31 3.04 -29.24 -58.45 34.95 -74.63 -24.67 -82.40 -45.56 -58.80 -61.74 26.03 -35.15 -41.17 -2.26 -9.55 7.90 -75.09 -91.77 96.58 2.19 -78.28 -88.82 77.10 34.22 -12.53 11.94 39.94 -67.40 -71.15 93.02 -16.63 48.01 -4.61 -87.14 80.12 96.75 35.52
63.59 -56.93 24.27 -11.43 -81.86 -79.61 39.32 37.30 -25.16 -51.97 -12.10 68.87 51.77 31.51 -22.43 37.65 -61.09 -42.61 -82.57 78.08 39.89 48.26 92.65 -18.33 63.47 31.47 -93.16 -68.56 42.50 -9.08 78.45 78.91 49.89 56.76 -16.57 79.80 16.25 53.04 43.55 -67.28 -80.43 -56.39 -86.76 76.12 -10.53 -41.26 -92.72 25.59 -38.68 18.43 -66.06 11.96 2.88 41.48 38.22 -21.30 -54.01 -59.10 -3.35 -36.41 -10.97 78.48 29.37 -0.65 62.14 -80.94 61.43 -18.63 -62.60 60.28 50.59 -25.82 -53.22 -33.67 42.09 19.02 -69.00 60.75 -62.97 39.55 57.64 -78.77 -98.16 0.51 14.66 -87.24 -46.80 75.42 -57.66 -34.10 -86.26 37.37 -75.16 -30.41 -50.89 21.95 32.80 72.82 -77.97 -59.94
-95.58 -60.71 -76.82 65.57 11.30 -80.95 76.38 69.71 -66.18 16.61 52.96 98.62 -18.68 -66.60 -67.64 -45.04 -30.90 61.26 29.09 -58.76 -86.21 66.54 97.38 -37.74 19.68 67.26 -9.09 -65.50 91.71 -5.74 -74.32 -27.33 24.18 4.83 -39.09 56.37 -29.32 -97.86 79.80 -68.97 -63.30 -22.59 46.82 -5.19 -63.95 96.06 -9.99 64.37 66.66 -5.40 2.35 9.15 23.52 13.16 82.03 -41.39 -28.43 -2.62 -9.57 50.62 80.17 -73.03 9.31 -23.56 50.81 50.29 -21.14 66.96 32.76 -17.20 5.71 -75.71 -2.72 10.60 -82.87 -68.64 -10.92 59.66 -87.28 -57.44 91.82 -65.66 8.38 -44.12 -57.81 59.63 79.09 14.09 48.01 99.53 -79.51 82.69 55.38 70.90 94.26 89.03 -29.26 21.24 -3.28 -62.73
-50.62 -36.79 -45.69 75.89 -92.74 66.65 -5.24 74.39 27.98 -91.56 19.08 -42.23 47.80 -58.86 18.69 -38.20 -54.52 2.82 -70.78 -72.57 95.10 -70.28 -2.63 17.43 -15.67 -9.58 -49.97 54.21 -1.98 -50.09 49.72 -77.14 -14.30 -28.67 -39.92 50.73 -73.67 61.20 14.28 28.70 -31.66 -68.69 53.60 -85.12 28.59 -51.18 50.48 11.00 -77.46 36.15 -4.35 -94.99 -96.68 -51.93 -71.99 -85.94 -38.47 -8.01 3.22 48.63 24.70 -56.42 -14.44 -61.90 -50.58 76.83 97.60 -5.13 78.63 64.86 -64.35 74.34 85.18 6.52 -80.38 85.57 6.04 -9.47 -31.09 -94.75 -49.37 -16.88 -61.96 29.23 41.38 -27.16 53.03 -7.23 40.11 23.45 9.86 15.10 34.86 -11.13 74.69 -97.03 -77.25 -29.39 -64.14 42.86
-51.31 44.08 70.53 -52.32 -2.05 -98.12 -96.31 -94.04 99.90 -29.63 -43.33 88.33 33.69 73.14 89.97 14.24 61.88 -3.98 45.81 -78.14 -51.13 -93.06 -46.64 53.17 -88.52 97.67 20.94 -60.81 56.59 -69.69 92.39 25.11 28.36 18.95 -84.34 10.97 -42.37 -29.08 -79.61 19.03 34.10 -9.03 66.78 -74.17 -47.76 11.81 95.26 37.93 41.26 -12.79 80.62 -99.44 -86.56 63.73 -75.73 58.68 -93.01 63.30 -42.33 87.62 -98.35 26.16 -98.98 -27.45 -17.13 -67.73 -20.31 5.04 19.23 68.17 35.15 -52.48 3.90 95.58 -67.43 -43.10 48.07 -37.91 -69.52 29.47 58.18 83.78 48.51 65.68 4.98 23.68 -7.71 -35.55 44.47 -0.87 -71.22 -58.09 -82.20 70.43 74.43 20.72 -68.70 -85.69 90.36 37.28
7.65 -75.65 82.83 -48.64 -4.49 -48.84 22.82 -80.64 -24.67 -88.20 -47.55 82.81 92.90 -51.71 -74.71 75.92 -82.98 -69.62 66.69 -41.87 -21.75 18.42 -55.29 48.03 53.88 70.30 -94.59 96.75 99.37 68.62 -44.96 -46.00 70.36 2.79 -87.98 -51.03 -45.58 -50.90 5.93 -22.30 27.94 -4.20 -65.33 -96.57 98.27 -70.23 23.52 27.57 -84.99 -22.58 -31.31 -3.19 26.79 76.04 35.61 14.02 -54.85 1.64 34.62 -70.46 -20.78 -52.06 67.29 -86.62 32.40 -13.39 -17.57 45.51 44.50 -75.62 -94.61 -41.30 85.71 -5.71 89.93 -50.66 96.72 -73.16 -43.45 -9.23 -69.03 36.10 75.63 65.84 -71.93 -6.56 -70.10 91.73 36.22 -16.76 29.72 60.16 39.76 66.47 97.12 -59.61 -82.17 -89.53 36.43 76.12
39.23 9.05 55.08 -8.55 11.13 21.51 -4.69 -32.99 95.95 -92.92 45.11 76.02 9.98 90.47 98.69 -1.37 -48.00 -94.17 -5.48 48.69 80.93 -7.50 -3.23 -55.81 1.05 -77.48 -58.30 89.33 -94.98 -94.59 71.67 56.62 -33.65 80.18 17.93 66.52 60.08 -66.80 -31.10 -50.89 16.18 22.84 -36.87 24.28 57.45 -2.17 -26.41 75.61 -31.00 99.90 91.58 44.29 -27.37 -13.77 84.66 34.77 88.10 66.70 -66.30 86.10 16.33 72.79 -62.33 63.99 -0.45 24.93 -31.76 50.41 -29.49 -8.46 9.70 46.19 50.82 60.15 -71.85 49.41 32.23 -17.42 -83.17 19.43 -25.93 -39.46 41.29 3.74 87.58 -66.68 -40.06 -18.72 0.99 89.92 28.31 -16.28 -45.84 67.42 2.47 87.79 -24.56 51.19 12.92 -14.57
22.76 -70.52 -0.91 -74.35 -9.81 -18.21 -90.60 -53.81 63.93 -91.58 83.39 55.47 -51.11 -8.33 69.31 -25.34 -30.21 -10.01 81.94 27.29 -83.66 -87.18 13.01 -53.81 84.05 -87.55 30.82 48.85 74.94 -39.07 27.65 90.20 -20.47 -4.78 -59.97 -69.68 31.48 -79.45 76.67 -83.90 -12.38 92.42 79.19 83.33 -16.96 25.88 -79.02 25.73 57.60 26.76 67.93 -88.87 18.70 -80.93 62.35 -46.61 -69.47 -7.69 38.18 40.37 -21.11 -61.13 40.47 17.80 86.85 -41.07 -65.44 22.11 -29.65 -27.43 48.09 -23.97 -95.54 28.09 -71.57 52.69 33.20 17.65 82.50 -60.28 75.89 31.75 -86.92 81.06 74.76 -69.78 -33.28 92.53 -26.00 -32.79 -79.73 9.78 -54.98 -23.09 66.97 -30.04 -30.90 4.57 96.51 -81.96
8.48 10.54 -79.04 77.61 -64.33 -79.59 -27.22 0.43 -29.90 -35.23 -7.94 -74.43 76.42 53.34 14.81 -78.05 -9.20 -89.34 -74.42 99.85 -9.30 65.45 -49.79 -99.22 -98.04 -20.45 -20.90 56.38 89.50 34.21 -70.09 -33.52 2.82 28.63 -4.85 19.75 32.80 67.05 -25.88 15.42 6.53 88.36 25.60 -34.50 56.94 -31.68 -27.38 -35.35 46.74 -65.09 64.28 -94.72 48.78 -14.40 65.91 71.47 -73.23 48.30 -4.92 -56.50 69.49 -87.84 94.19 -37.80 71.40 51.87 -97.31 -48.51 24.03 -93.95 77.46 70.42 -31.85 15.94 32.19 -98.24 19.23 -81.17 24.31 -9.14 -20.01 -54.76 -3.41 79.68 38.41 59.69 -29.20 65.27 57.36 9.86 -49.98 -10.62 -67.91 -81.64 -3.91 -71.25 -26.67 52.79 -11.63 39.94
54.13 -49.76 10.27 -17.23 68.23 57.59 12.39 29.41 51.87 80.89 -42.89 -86.38 4.42 30.70 76.76 -21.36 66.58 85.82 -65.56 70.03 24.30 -55.23 50.11 83.28 10.54 0.11 -55.16 -88.47 -32.14 45.33 14.03 29.32 -38.01 -90.09 -0.80 30.03 -26.47 86.04 -70.41 -20.74 -89.12 52.44 28.00 -64.52 -91.29 -40.38 -89.47 -39.54 -89.71 -99.57 3.20 72.87 49.54 97.14 23.08 -80.79 66.41 -85.12 80.54 20.04 43.87 -69.74 -22.09 -32.81 81.53 -49.78 24.03 5.34 -62.15 58.91 3.78 -23.28 73.64 15.72 -15.34 -72.53 -69.66 24.90 50.21 -80.73 89.89 -71.31 82.87 -96.72 -47.07 64.40 10.65 78.44 22.77 52.43 17.46 69.89 -93.70 82.34 -19.66 24.37 55.06 60.45 40.04 44.36
-46.94 87.16 56.03 65.96 -70.29 87.44 -77.65 -55.05 -82.72 76.91 -62.96 52.40 54.82 71.96 -7.89 -77.73 -57.36 -18.28 -79.87 15.95 -77.92 97.73 33.75 -85.96 -81.60 -97.21 3.25 -71.04 91.43 84.63 11.55 -94.14 -82.43 -51.17 -10.00 -41.19 -44.79 26.98 89.64 25.15 73.68 19.53 -20.75 -33.28 59.31 -56.36 40.68 68.96 42.05 -58.67 -18.30 48.82 -34.17 32.20 14.87 -68.44 26.24 -84.15 -51.83 -81.69 5.31 47.57 38.93 -65.59 -76.47 -54.14 -76.38 64.27 62.32 -81.55 -41.25 -43.17 -14.19 -37.75 -10.37 -21.85 -82.66 56.34 -39.18 -10.47 37.46 -80.76 22.69 13.19 -45.44 -41.52 -8.67 -82.56 -98.38 62.49 -65.63 58.91 -82.22 48.98 84.80 -21.88 27.25 66.48 39.72 86.29
-92.40 -62.31 -44.04 29.72 75.56 18.15 86.38 -22.43 3.11 72.05 21.32 -59.12 61.89 -67.33 17.48 -93.99 47.34 -57.41 79.05 -39.91 -22.20 11.93 -43.05 13.32 -30.24 87.36 3.69 -93.89 16.43 -53.77 81.08 51.48 -7.59 79.32 41.36 -48.29 -13.35 -86.85 78.01 14.08 94.45 50.73 -43.27 -23.82 13.42 -3.90 28.81 -62.64 91.75 28.85 72.95 -75.76 -53.16 -8.82 -42.09 -22.21 23.19 8.62 9.49 98.39 -31.35 -86.77 -20.15 -89.83 71.01 -81.11 94.37 -82.21 -80.88 -70.14 -0.20 68.13 25.93 15.26 3.07 -52.93 68.99 -97.83 -70.26 -84.35 17.23 29.14 26.05 -81.86 10.86 -25.97 -49.12 -8.15 87.39 -34.73 92.98 -30.82 -30.03 42.24 2.79 -85.94 17.60 -60.71 -50.10 -14.55
-3.75 -89.26 -93.25 27.39 -13.95 -59.57 -31.24 -83.23 34.04 37.57 -14.27 5.48 -34.79 -28.24 3.16 -22.61 -75.84 -92.31 29.25 74.32 27.49 -59.24 50.95 -62.01 70.16 60.33 85.33 -1.79 -79.79 30.57 -95.47 -79.77 59.80 96.00 88.41 89.65 5.38 37.94 28.07 -13.91 20.68 77.81 59.36 21.65 57.85 50.60 -89.92 -93.45 90.92 67.54 -89.27 70.96 -16.97 29.22 37.67 -41.14 -33.71 -58.42 -12.94 89.55 -47.55 -79.38 -20.26 26.79 25.78 21.71 -47.46 -54.84 92.96 -2.78 17.25 29.58 -97.84 -8.49 -58.94 33.91 -79.77 7.91 65.70 61.26 30.21 67.35 67.98 -50.83 -47.74 -37.00 -14.14 35.96 78.61 -22.56 93.16 52.17 80.43 86.48 -80.63 31.48 82.25 2.54 -67.65 11.63
-26.39 83.82 68.82 79.66 68.70 -69.05 34.87 85.39 7.48 -37.57 -20.84 -76.65 -28.57 -21.89 -75.01 -28.11 25.79 -17.60 -97.83 -49.94 -11.18 63.55 -90.96 -25.20 -27.86 -37.50 24.04 91.19 49.31 -10.00 94.65 -65.21 4.84 -50.44 26.90 -21.47 52.43 -57.15 -48.37 -99.08 17.56 50.02 -51.49 -8.46 10.61 -6.82 -14.36 51.71 -40.31 -67.13 83.32 -62.86 -66.41 -70.40 26.48 -8.54 -73.53 90.23 -93.25 18.55 4.73 -3.74 -99.44 68.18 37.49 -7.18 38.36 68.58 99.43 -63.49 88.75 80.22 75.22 -43.93 -80.39 59.50 89.57 82.92 -94.64 -45.02 45.40 -31.18 43.50 37.81 -2.46 68.18 -13.61 19.37 21.38 85.13 56.11 58.43 -29.74 -44.63 65.40 76.10 52.55 17.44 -86.37 -63.23
94.13 -11.54 -0.15 -31.82 -87.21 42.95 32.36 13.22 -18.26 6.49 83.48 -65.23 -48.18 -28.19 62.60 -34.09 -74.81 -78.74 72.01 -48.70 63.34 90.65 -61.29 62.29 -86.19 -22.36 38.07 -33.82 27.44 52.82 -1.19 -73.55 -43.52 -68.40 0.20 -74.74 -31.05 -37.52 21.76 -48.51 84.66 -25.57 -19.66 24.09 -64.78 24.44 17.07 35.58 -37.05 88.30 -1.11 -16.15 84.96 -71.49 -45.70 -22.54 84.50 40.50 -18.78 71.54 16.87 -55.49 38.66 58.97 69.77 45.41 -49.31 46.77 45.04 25.98 87.19 -57.87 -77.00 -92.54 36.73 73.25 10.83 80.01 18.09 37.91 6.26 73.02 -16.96 -6.75 -19.34 57.63 -18.71 2.86 11.18 57.69 -11.39 -39.29 95.93 4.42 -24.93 -71.98 58.40 -98.32 -80.92 13.13
-99.08 -5.99 44.41 8.57 40.37 78.62 -79.89 21.97 70.22 49.47 97.80 57.87 10.12 46.22 67.21 37.28 48.56 -50.29 26.26 -98.94 -88.72 -2.47 29.63 95.07 82.34 15.88 71.26 4.50 74.45 49.97 27.65 18.29 -10.90 -63.26 -76.82 25.90 16.54 -54.33 -38.12 -57.36 -86.68 80.73 -47.11 24.20 -36.16 25.22 31.09 -20.58 0.97 -49.82 56.61 -99.69 12.75 16.76 42.29 41.55 -97.00 -11.20 -11.28 -34.69 91.02 -71.14 -46.29 60.95 67.35 26.29 -95.12 9.03 -65.85 -74.28 21.47 21.47 34.47 -97.43 -83.38 -19.01 9.31 -38.35 -21.23 -99.67 22.73 84.48 74.33 89.72 46.66 18.46 11.73 -81.85 93.83 2.82 9.16 -60.09 69.59 -60.46 -75.67 -80.52 32.61 -65.47 23.76 92.45
-56.73 12.26 75.07 27.24 -25.11 60.60 60.08 44.01 97.52 11.10 16.00 35.45 -75.01 95.56 83.13 12.62 0.66 85.51 65.98 75.29 -94.78 19.01 39.93 99.97 -37.40 -35.00 7.31 -91.18 -16.53 97.57 17.85 18.41 51.88 83.68 78.26 -52.72 70.81 92.74 -17.34 95.76 39.50 -22.62 92.86 70.94 88.92 82.78 28.73 46.80 -46.96 71.63 -53.57 -62.98 -77.60 -61.45 18.77 -17.91 -25.51 72.98 -1.83 18.06 -57.05 24.07 -84.44 -10.96 56.69 27.80 -19.79 -7.81 50.90 -27.37 -56.00 46.90 -20.49 83.59 -72.22 96.31 -97.20 -79.82 15.52 -8.84 -38.95 36.92 39.79 80.07 -95.58 -25.20 89.94 90.59 -91.30 -77.44 -95.59 -79.35 69.08 -4.24 83.49 94.81 51.39 -68.32 55.93 -79.38
68.44 0.06 20.00 95.43 69.71 -66.03 7.76 87.98 -75.50 -17.41 -79.36 -21.51 -57.34 85.73 99.99 11.95 88.17 51.36 42.66 -61.59 -36.22 -92.88 -15.38 5.02 58.12 99.46 -28.78 89.63 -78.36 -54.96 -84.88 -2.19 44.98 49.90 73.21 -20.26 -89.71 -6.46 -47.53 -11.73 -93.84 -84.88 46.54 -53.27 -1.40 -30.91 10.57 98.41 86.16 -1.78 57.74 50.06 -59.14 9.09 1.80 56.09 -40.13 -39.24 65.63 -10.19 82.15 45.27 -88.81 73.15 -53.46 91.99 -77.17 63.78 22.12 -94.97 -70.55 58.48 -12.96 -95.77 65.84 -82.42 -33.00 86.87 87.01 -42.93 -37.98 -71.27 -68.15 49.04 68.57 -61.65 54.45 44.31 5.75 45.86 -37.41 -74.34 -32.65 51.89 85.26 99.62 56.31 -55.50 46.80 -69.88
-12.92 -61.04 -94.59 31.68 -67.32 -55.87 -76.60 98.91 82.62 16.96 -25.41 5.52 -96.08 -60.80 53.41 -15.25 -24.88 49.78 -80.81 67.49 -24.19 65.66 92.49 33.70 -69.48 -60.10 54.49 -41.46 -38.45 47.38 -33.02 -44.56 -14.24 85.81 -90.93 -52.09 74.68 90.13 -50.17 -99.87 -62.55 -18.31 9.84 -60.43 30.63 5.37 -63.59 -28.13 -77.48 -91.62 -77.83 54.93 51.32 14.56 82.24 80.70 64.17 -60.22 0.43 82.69 12.86 -68.88 84.65 -75.76 -32.47 -46.71 29.81 -11.88 -67.03 -48.48 -3.28 41.83 87.17 -53.46 64.03 -74.32 -28.58 41.55 94.37 95.14 -36.99 -17.61 23.97 70.17 -64.80 56.43 40.06 -96.65 99.14 -80.69 -6.51 -62.23 -83.26 60.24 -87.86 -56.80 78.61 25.86 83.46 -99.41
-88.97 -96.66 -33.43 8.08 82.58 47.88 5.94 -22.87 22.96 21.39 -88.90 -80.26 -75.17 43.90 -37.34 42.20 33.15 -56.62 -22.03 71.57 -59.66 59.20 -30.97 74.88 27.06 -38.74 74.78 61.84 -19.43 72.12 2.54 -66.64 19.60 41.10 -62.14 -20.89 56.55 -50.07 53.29 -25.70 37.67 -44.03 -68.95 -46.26 -60.45 47.87 -15.26 0.70 -76.50 84.84 -65.42 -51.81 74.79 -4.91 88.98 -89.59 -66.42 8.29 -35.47 69.39 -78.70 20.08 -1.92 14.12 18.03 -25.87 75.88 -98.05 61.31 -65.81 -37.93 41.65 -87.30 69.60 -49.65 -63.42 21.31 95.75 20.85 -35.27 84.15 6.82 97.94 -92.92 84.04 67.21 54.65 -77.57 -47.96 -82.07 -25.44 42.96 -99.93 -0.94 -21.98 -31.67 -66.84 -27.90 -77.29 -71.73
28.40 16.22 -61.09 28.57 28.85 -76.70 29.20 -48.40 -25.40 -11.40 -33.13 -74.11 -52.94 64.14 2.39 34.20 -1.76 41.97 83.16 87.55 -85.82 -28.88 13.97 66.50 41.68 29.24 3.54 -14.36 -25.80 43.45 2.52 -88.28 72.43 77.43 -23.96 68.22 -85.26 7.39 8.34 -42.44 -43.50 -53.40 89.38 -83.55 68.63 47.03 -35.13 48.92 -25.66 -35.47 -87.16 -54.37 -34.91 67.77 57.67 22.87 67.40 -72.79 96.95 52.82 17.87 -75.40 -66.34 -98.67 78.48 63.18 -50.49 28.01 -51.02 -77.00 12.59 -90.97 70.77 -81.56 -89.72 -63.76 -75.07 61.43 -17.54 74.63 55.73 -31.10 9.55 -65.76 1.55 -56.56 62.49 -1.95 48.04 2.26 -73.40 14.43 -11.58 75.37 -66.46 -49.08 3.67 11.19 28.27 11.23
-56.24 93.96 92.41 -4.47 -12.00 -9.44 -21.07 -20.15 93.36 -84.45 -97.23 -72.30 -71.35 6.13 -36.82 85.24 -51.89 4.18 -1.31 89.58 -57.89 -78.99 19.33 -58.20 28.32 -56.10 85.74 -43.16 -6.27 99.91 32.81 -94.33 -31.44 -39.28 -32.25 69.95 79.72 -56.91 12.92 5.58 46.92 38.81 -63.69 -5.88 -0.26 59.79 -36.53 61.44 97.31 -54.98 -27.87 5.49 42.72 -63.26 66.29 -73.94 -74.41 86.30 85.40 0.00 -66.15 -12.05 -83.23 55.56 -61.91 -64.22 -83.48 -29.09 -83.21 95.78 -75.85 -60.17 76.65 -48.43 89.30 -56.90 92.82 64.30 -38.74 18.37 -82.25 -55.33 -21.16 -57.05 40.02 19.28 67.89 -33.12 -4.46 40.31 62.95 36.22 -45.31 -89.27 -78.35 18.05 -12.97 -32.10 13.26 95.11
66.90 -1.10 70.57 53.41 49.80 27.08 -86.20 93.73 88.23 -94.03 51.44 -4.87 10.12 69.73 19.07 87.23 32.11 83.50 28.30 9.56 32.59 54.56 -13.78 -62.05 0.57 -25.86 -8.72 -60.57 -7.03 -81.44 -78.34 -45.15 84.85 -91.12 72.69 85.99 49.05 -43.60 81.40 -88.19 -96.34 21.56 55.67 -36.32 -20.05 54.93 91.24 53.25 19.06 34.75 -85.35 -76.68 -92.75 -63.42 64.69 -25.13 48.30 96.75 -71.25 -68.27 -64.99 -34.24 8.65 -60.92 -62.84 52.39 16.76 56.15 -30.98 -42.26 58.05 -86.33 75.43 32.04 -55.27 91.10 77.87 -10.28 20.78 86.43 7.28 40.62 -93.77 68.05 36.84 -76.48 71.26 -79.69 -37.59 -30.83 99.89 68.52 -10.24 72.11 -93.19 75.18 64.03 -72.74 -36.68 -98.30
-9.42 -86.53 -67.50 98.85 33.84 18.07 42.12 -74.03 61.52 90.33 74.14 31.77 -16.17 -60.80 51.66 47.94 34.88 88.64 -20.57 42.60 2.66 22.96 -39.75 75.47 76.12 -11.12 -33.71 -58.52 -36.67 -98.89 55.02 36.41 24.53 70.17 73.22 81.57 -96.02 -21.79 0.16 0.94 0.58 -42.47 96.92 -89.94 85.57 -13.46 79.80 20.48 -97.22 43.57 19.91 -65.37 75.14 -46.05 -83.48 -36.70 71.24 90.57 -5.53 -84.73 -82.06 -81.21 -62.54 55.77 -47.83 60.58 -51.72 -45.97 33.09 -87.83 68.62 -15.16 63.97 18.36 9.80 -86.61 -1.28 -71.15 46.57 58.09 -77.91 46.04 -65.08 85.58 -67.17 64.94 48.14 84.12 -73.31 -18.74 -42.06 60.83 79.35 20.06 -28.70 -71.05 33.65 -40.40 54.18 -84.52
20.25 -39.91 -76.10 -65.85 78.61 73.52 12.89 -70.05 -26.79 99.78 -33.06 -19.38 -77.37 -68.85 46.86 82.74 -13.63 -68.30 97.76 16.24 -89.12 2.99 -30.90 68.81 -5.81 -71.40 45.24 -63.24 6.65 51.60 79.13 -88.70 -87.72 0.04 -70.80 -17.62 -43.23 -84.77 -49.67 -39.15 -95.48 -65.42 18.12 -6.58 55.83 46.73 33.13 -98.55 50.99 52.77 40.10 -0.76 56.06 9.23 -11.82 43.45 -51.73 -49.29 36.61 58.00 -15.53 -14.28 -46.09 -17.11 -64.65 -92.39 -95.15 -49.43 46.97 1.52 -62.61 78.67 99.45 -46.36 -39.19 49.85 63.13 -6.17 31.38 84.50 -74.14 71.54 83.43 58.38 -8.52 4.35 -3.82 -78.33 -27.95 4.87 37.99 8.48 99.90 48.31 -63.68 -36.86 16.65 1.52 -78.62 97.71
52.46 -57.12 29.30 -74.20 67.42 61.13 3.69 -71.26 2.60 39.01 40.01 9.04 73.70 -42.83 60.18 -89.31 -49.44 99.50 -62.60 -17.28 -79.14 -51.14 52.34 25.45 31.91 17.81 -45.30 -51.60 -0.32 -65.55 -31.42 52.87 1.27 -10.34 -22.01 -89.87 -73.59 -57.52 11.30 -45.98 5.45 -66.04 62.36 -54.44 -43.14 21.18 17.49 54.30 -38.36 -39.38 -79.86 -83.51 15.25 74.95 96.95 9.26 5.35 -89.34 -94.16 54.84 81.58 6.64 -46.51 4.60 -53.60 89.67 -66.10 64.07 -27.57 -1.29 33.88 -13.37 89.20 21.91 -17.48 44.98 4.77 86.05 32.81 -93.06 12.90 38.09 11.61 6.41 -52.46 -33.66 47.13 7.43 -73.63 33.63 67.12 22.33 42.40 26.23 79.57 30.41 60.40 51.46 -60.67 -66.94
62.29 -60.76 25.91 -38.27 -25.99 -25.47 -1.29 -12.07 -45.41 70.57 -76.81 12.03 17.06 54.21 90.96 78.63 96.48 63.91 -43.27 69.71 70.81 66.38 -39.32 -80.24 98.57 0.63 -86.89 -99.68 -54.85 -22.90 -59.16 0.84 -77.14 28.40 -34.93 90.39 -29.12 -1.79 -63.50 37.31 -43.02 16.57 60.83 6.74 -5.61 -62.25 -21.93 75.92 65.34 27.49 -35.79 73.47 -84.93 18.62 22.11 -87.33 78.41 65.03 60.02 -64.79 -26.58 16.40 71.27 84.80 -2.38 37.14 37.22 -73.60 -95.38 -82.91 89.47 -40.21 -32.97 -65.13 -95.27 26.01 17.91 -5.63 -29.37 4.43 -1.87 -85.14 -66.75 79.27 -63.12 -9.49 97.22 99.18 -9.55 37.67 -60.27 -7.19 -92.32 -80.91 -51.03 42.31 26.44 49.32 69.90 -53.10
-84.65 30.94 11.83 14.46 -23.60 66.89 9.24 53.61 -9.61 30.54 -38.24 -85.72 -54.45 9.80 -71.55 55.93 68.46 -11.61 93.10 66.15 -20.18 -39.70 -96.92 43.74 -25.80 82.05 22.68 88.34 -83.21 -17.34 27.03 -70.61 32.51 -40.20 67.75 -12.18 -17.62 -34.39 -31.87 99.61 -39.31 -8.19 -51.95 -88.50 -92.90 -1.11 -95.31 -15.61 85.91 44.42 20.32 -77.69 -41.68 59.97 25.72 -75.69 32.97 -80.59 57.71 1.15 -0.74 -19.27 -0.70 0.57 35.52 76.84 72.01 59.26 -79.72 -69.72 50.61 57.49 35.94 -89.18 -9.86 -40.37 -67.63 -26.81 -35.02 20.93 -49.98 15.60 29.92 -21.18 -70.78 -90.22 57.56 52.26 -85.57 56.13 52.07 24.84 -67.28 8.81 8.64 -73.44 -19.00 84.48 -64.88 97.51
21.32 -56.98 -39.56 -69.28 95.95 87.56 76.99 80.56 -42.92 4.41 -98.99 26.85 -60.79 -61.72 71.55 -79.18 -64.84 11.78 -48.11 -99.13 -15.70 24.44 -48.26 -11.80 21.14 -80.35 67.39 67.45 73.63 -87.19 -13.97 -95.13 58.80 -71.97 93.02 3.88 -54.72 -72.21 30.01 72.24 46.13 9.51 26.39 -68.35 35.51 70.22 -88.17 -52.11 -40.91 -91.13 56.51 23.33 53.62 -51.78 -96.74 -33.69 31.84 -4.33 37.37 62.28 -58.40 -35.59 -51.24 -46.58 88.41 -45.68 91.87 -73.22 -9.10 -45.63 1.94 -13.00 -12.07 -47.43 73.03 93.47 13.94 -35.16 -61.35 35.66 44.89 -28.92 -12.50 55.12 44.37 -74.69 41.78 -70.15 19.95 -17.48 51.72 -66.14 92.08 81.39 98.78 -74.33 28.85 81.67 -74.79 -96.98
70.67 -86.31 -75.95 -59.92 88.50 18.51 -46.54 -58.79 94.52 -49.03 84.80 -86.77 -15.70 8.31 98.89 -39.24 48.09 -27.13 -56.84 92.01 55.76 -2.24 5.30 -92.01 33.88 87.13 -95.76 48.58 57.55 -17.80 96.11 -66.54 31.41 -75.02 2.65 74.20 0.14 62.34 8.73 -24.20 19.69 -16.86 -58.20 -62.50 29.13 -59.95 -18.12 -74.65 17.97 36.56 -24.12 -94.91 -24.45 45.43 4.44 73.56 41.69 59.67 -56.17 -99.40 -35.33 2.02 72.52 2.94 -87.55 -92.23 78.38 -28.25 -63.93 54.44 -10.83 -41.70 65.09 -54.82 -17.30 -71.78 -53.46 -48.36 43.98 4.18 -84.63 -80.74 -8.57 -92.23 -43.84 -20.07 -21.78 -61.14 -16.28 -31.39 -89.65 -87.96 14.89 80.74 37.94 20.37 61.13 39.87 61.80 -98.43
3.99 -2.96 -86.48 -2.73 77.06 -8.25 -14.46 -29.68 97.38 43.07 -98.97 87.97 -31.72 -25.38 -84.63 -30.22 -29.64 -53.95 52.68 2.87 -74.25 61.95 92.24 11.18 0.09 -28.07 85.43 55.42 -68.43 -76.02 51.69 8.36 57.41 -16.93 92.91 -0.50 -87.13 -61.56 23.03 -47.95 3.40 -39.61 47.19 25.36 -19.80 -80.00 -29.00 -71.37 6.40 82.12 1.91 -36.30 -90.80 39.93 0.84 69.81 74.87 16.27 -68.70 47.87 -47.46 66.57 6.78 68.46 -73.90 -47.72 -65.39 40.81 98.50 -98.94 -59.32 88.70 8.15 70.50 -67.29 -28.59 46.78 -39.22 -87.57 -88.18 85.73 26.13 95.20 -41.71 -60.26 -24.37 -13.72 -50.23 -6.03 78.67 -10.93 26.73 39.37 -7.79 -55.07 28.34 -61.65 -79.56 87.68 47.54
-7.75 5.54 14.14 -36.68 10.95 -15.66 -38.36 -87.42 41.34 25.56 -63.68 41.48 -17.81 -7.52 69.94 2.09 -55.73 -32.96 -33.25 -37.14 53.50 57.38 62.73 -77.58 -67.88 1.56 86.09 19.71 98.04 -51.53 -65.79 99.60 82.71 4.95 -15.91 66.80 90.50 -69.45 -31.83 63.44 37.29 -63.04 9.26 -31.12 9.56 -91.50 -58.63 60.49 -22.19 -64.18 -56.23 -22.60 -81.34 25.82 95.42 -22.11 -60.98 45.97 -21.47 26.36 81.25 -62.74 -47.93 -9.85 -3.92 -87.31 -22.30 32.87 31.24 -24.50 58.79 -80.31 -38.80 -51.65 42.48 27.65 -96.50 -6.68 56.43 67.16 -16.86 37.45 -66.07 57.13 -93.54 -38.72 -0.93 78.77 -72.55 88.56 -95.17 27.70 -58.79 74.80 80.25 34.57 66.66 16.10 58.83 80.13
33.44 93.15 -52.91 80.11 -13.40 -27.70 -3.60 48.38 -26.36 -35.30 -60.93 -29.06 -59.24 91.37 -77.13 -16.06 1.00 7.96 -84.14 93.43 -42.84 15.75 61.54 -61.80 21.82 13.25 18.69 -3.68 19.80 5.94 -38.59 50.30 -26.66 55.69 20.71 -82.43 -95.06 8.46 7.13 0.97 -41.59 -14.28 -99.51 91.17 14.37 13.43 -81.89 -29.70 84.90 42.77 16.92 56.92 -36.74 -24.73 -4.54 -92.66 63.08 -17.62 -67.06 17.88 -34.10 57.86 -93.73 74.55 40.61 -62.73 97.36 30.61 61.38 42.98 1.96 -45.02 49.17 -90.09 25.59 -20.00 11.91 -34.32 -43.65 -68.39 15.23 -49.13 95.82 93.18 -47.31 -24.19 39.77 34.20 25.90 23.34 28.22 75.43 -49.49 14.00 70.23 -54.99 -0.40 -40.48 60.55 -85.69
-69.28 25.24 39.60 -84.42 -31.47 -46.54 -60.62 75.96 -45.18 13.74 -96.50 21.95 13.63 18.68 -89.55 34.02 -98.65 0.68 72.03 -92.95 94.24 -18.75 26.46 -60.19 -91.84 -26.51 -52.46 -17.80 11.65 83.80 11.50 37.61 82.27 23.54 -8.44 -4.74 80.93 -22.50 -5.62 94.98 -91.07 -6.73 -82.71 20.80 32.89 82.50 69.04 70.42 58.43 49.99 -81.55 -70.78 98.41 -35.68 -63.17 88.55 69.26 -48.66 93.71 62.13 23.83 96.01 -15.61 75.08 -74.31 61.08 49.36 74.97 -12.26 88.67 93.01 76.07 -94.40 93.13 -47.99 65.31 20.60 74.87 22.40 -19.45 -10.03 -61.76 -15.89 70.39 -79.56 -80.62 50.06 -62.38 30.27 -30.21 -95.98 -13.60 -19.39 27.11 15.53 55.80 -61.99 -55.74 63.41 50.87
-41.29 -17.36 78.44 -40.10 54.25 93.03 89.38 83.57 10.33 72.08 31.10 -77.43 -45.70 -81.59 -90.71 72.01 9.81 -51.96 -14.79 -84.75 -75.15 73.21 -11.25 84.80 6.60 -66.86 1.88 27.84 -15.86 -36.10 50.28 -11.60 -45.73 83.71 -75.50 70.20 -3.13 -72.92 21.01 14.35 10.57 59.00 -84.43 -27.60 65.73 76.30 -91.43 -83.41 -18.67 92.94 25.01 0.83 -70.33 -35.94 -91.87 82.29 -76.79 -21.71 -33.45 64.77 -50.19 64.46 1.82 21.84 81.33 -65.52 -16.13 -82.08 -70.80 -23.98 96.84 7.28 -5.51 -87.16 -86.39 -83.62 30.11 -8.00 24.96 -62.79 -16.90 99.64 29.97 99.58 35.13 57.50 -79.31 -16.72 22.36 1.88 65.77 -49.18 -50.40 98.59 54.37 96.34 -90.35 25.59 -70.85 52.70
-38.08 -48.39 -9.60 -40.68 -60.36 10.77 -90.55 6.93 30.87 -57.03 89.70 13.47 70.62 -68.59 -62.62 89.55 -55.62 60.33 -14.22 -41.59 -21.42 64.30 -98.04 -96.67 -19.85 -35.10 1.79 81.70 -27.36 93.41 -55.58 -89.38 -42.72 76.76 11.35 18.86 -62.12 -43.01 40.05 -20.10 -82.58 21.35 97.25 -9.41 56.91 37.11 -92.44 25.23 99.90 28.68 -49.96 58.69 18.19 -33.63 4.56 33.55 40.87 62.30 -59.06 -47.60 61.08 6.48 -64.18 56.37 77.68 -38.78 -45.54 -16.63 -61.56 92.56 -89.02 25.52 5.36 19.83 4.29 26.76 -71.80 63.94 83.86 -54.66 -92.94 7.98 91.20 60.39 -29.59 48.46 98.46 90.38 -40.97 65.25 56.27 95.44 -57.17 54.73 27.29 -78.62 -31.21 -25.94 -9.76 26.95
88.05 -15.93 -4.74 -52.64 20.38 -30.99 -20.82 61.89 82.61 76.00 -0.07 -84.53 72.56 48.08 -91.23 91.59 -41.57 -43.95 32.32 -30.67 -13.11 77.26 -68.07 -60.11 21.18 -58.86 -55.11 92.62 -0.40 77.91 -56.98 15.43 -12.90 -32.97 -69.64 -7.51 -73.45 -62.73 33.80 -50.82 81.76 51.53 -61.04 -50.49 -3.86 54.16 72.32 14.80 -22.22 12.09 29.65 89.41 50.36 86.29 -96.54 -57.69 14.03 -60.02 -5.36 98.94 -43.37 14.79 -10.22 -84.53 19.02 2.00 -78.23 -19.20 77.69 -71.73 48.98 -70.87 13.07 -63.69 47.76 95.60 -58.00 78.72 -73.38 -83.11 16.18 -88.70 82.72 -98.92 -50.36 -48.10 -83.65 61.49 -74.80 24.78 -57.45 15.50 96.59 -19.84 51.15 -64.59 -77.85 -31.27 -7.90 78.30
-20.88 69.82 66.20 9.87 11.04 -3.61 -32.09 82.14 -46.77 -53.85 -55.73 -67.09 -26.65 -35.75 -49.32 -99.41 -92.65 33.74 -28.67 76.07 50.53 -34.72 97.91 -22.79 -82.09 21.70 -65.71 -36.84 65.76 -95.54 16.59 32.21 -30.22 43.45 -6.12 -13.48 43.54 28.02 -84.98 41.23 -35.33 -22.52 27.78 -31.76 -96.87 53.90 62.77 -78.26 -20.69 79.97 -48.00 -4.79 52.55 30.91 -13.07 95.71 83.34 -99.35 17.31 -41.79 94.99 -14.41 -45.65 -67.69 80.08 -81.31 64.36 74.51 -66.16 87.78 35.55 -15.51 18.76 -12.47 -39.71 98.24 -73.32 -9.88 62.05 -83.15 85.50 87.29 11.34 -51.21 96.23 -98.14 31.71 98.98 -39.23 99.53 56.70 81.76 -85.26 -77.42 93.84 -86.44 80.89 -60.14 12.43 82.53
