100 100
-59.93 -61.09 -0.63 9.55 60.48 -44.28 46.23 58.97 -61.32 -68.79 -20.81 -94.37 -99.30 -10.28 58.71 -83.72 -69.18 57.24 -32.62 49.99 71.65 -88.58 33.04 -6.87 39.22 -83.10 -35.87 -56.40 96.42 -4.75 9.33 16.82 -1.86 -54.21 -90.20 -63.80 91.10 -45.76 -51.15 -34.84 49.49 70.03 43.80 55.48 2.55 -20.18 -58.85 31.76 78.50 68.92 -95.17 72.53 83.74 82.60 -70.30 -59.52 91.41 -32.30 51.19 96.92 -34.42 24.29 7.08 73.81 97.82 -4.02 -70.01 -5.83 -34.72 -36.21 -82.53 -24.09 23.35 22.05 83.31 -32.11 -89.83 -61.73 60.61 21.02 89.19 -10.31 15.03 42.85 49.29 -7.32 48.52 -40.90 94.62 -44.32 -5.88 11.68 23.73 72.81 -31.58 38.85 65.53 2.77 77.90 -59.28
65.56 38.29 -73.97 53.19 -61.87 76.74 -15.10 62.63 -86.29 93.30 -94.59 44.67 -73.31 92.17 31.46 9.31 -5.88 26.11 73.90 34.12 51.29 56.21 2.95 -8.80 -27.73 43.96 -69.68 -28.05 1.35 32.85 -92.67 45.30 95.98 24.15 -72.76 60.51 23.10 -3.32 59.71 -37.19 69.79 -24.02 -15.84 -43.88 -48.15 -74.82 55.16 59.49 72.13 82.72 -28.87 27.88 -30.73 -21.15 8.27 -26.80 97.30 52.36 -31.67 63.71 -48.30 -1.83 92.77 1.65 34.56 72.77 -61.66 36.13 58.58 80.31 48.09 93.65 -47.24 63.72 -55.02 -2.86 -56.91 -7.41 75.51 14.19 65.57 11.05 89.87 -0.21 14.98 51.11 81.27 23.76 97.23 71.71 -20.25 -69.95 80.00 52.81 33.71 53.05 29.00 72.84 18.21 7.83
-47.59 65.25 69.78 59.28 -40.63 36.96 48.58 -37.90 -46.64 79.36 -60.55 73.32 30.34 92.93 -19.73 38.10 63.47 2.85 -95.06 -23.63 -33.71 -39.61 72.05 -5.12 43.53 79.98 65.49 36.44 75.07 21.63 -87.10 -62.25 -65.20 13.41 -60.61 -90.12 88.62 53.18 -54.68 -97.45 -79.62 10.33 56.30 62.70 35.39 -57.86 -36.98 -60.57 96.82 36.26 -74.05 -0.77 -31.70 65.34 91.42 -23.62 -9.79 -81.21 -2.00 -40.09 -79.15 -32.11 49.10 15.74 -14.93 47.06 -49.81 82.14 -36.72 -44.07 87.38 -34.31 -19.80 -86.43 -69.26 -5.71 77.21 61.07 1.77 -2.07 80.79 75.93 -52.23 95.41 -42.88 58.79 -92.51 70.95 44.15 59.11 56.53 9.64 -45.58 49.74 20.53 53.20 59.19 -88.21 -56.55 79.33
-60.30 84.18 -27.09 -76.17 -63.53 -24.63 48.08 -83.77 -88.89 81.34 22.00 -25.15 -11.06 87.22 37.10 -46.75 -82.19 72.30 -14.16 -8.09 -34.35 -9.99 23.85 77.86 34.54 -54.58 33.95 84.07 0.46 56.21 98.10 17.34 19.07 70.88 96.36 83.10 95.87 -84.91 -66.50 21.56 -22.06 26.01 -46.71 51.35 -13.50 62.05 47.30 70.42 9.41 93.54 -56.17 42.47 -28.03 -66.72 -19.08 -56.26 0.40 -84.17 -67.69 19.71 -54.17 16.04 -12.00 21.91 -30.65 -94.49 -5.14 13.63 -85.75 -91.98 -58.35 -22.11 4.23 -65.38 -28.51 60.33 18.67 -19.97 28.26 -69.53 -16.80 67.65 85.58 -8.45 -0.94 21.21 -91.16 34.95 17.96 13.09 -79.42 31.90 87.76 -59.67 82.21 -53.24 -69.51 27.14 -34.74 55.76
-54.98 26.95 73.90 74.43 -59.18 -82.34 -55.84 -49.03 75.06 54.88 -83.44 -8.59 -38.30 -16.20 -54.78 -63.10 81.80 -94.24 19.97 58.94 65.02 -64.07 62.00 22.38 91.56 32.81 -73.89 -76.87 -56.54 17.66 13.23 -10.86 81.18 -94.85 -50.01 -42.46 51.14 10.29 -47.80 21.26 -3.47 -86.67 52.14 -3.95 -47.43 90.85 53.32 90.44 -48.36 -95.66 -30.56 -72.16 -7.70 -90.33 -62.43 11.23 83.03 35.46 -96.81 -12.71 21.27 -37.95 14.76 -58.08 -94.40 21.56 -15.71 90.01 -53.30 50.43 76.47 -62.42 -97.57 61.79 -26.24 -21.60 -90.71 44.30 -30.43 -37.00 58.50 35.08 -17.71 29.99 91.65 83.29 51.88 57.08 53.17 35.46 -95.11 92.51 -43.17 76.14 48.90 14.55 -34.21 82.54 -60.63 -74.22
50.79 37.25 1.30 -51.00 -26.53 -42.80 -71.88 5.21 98.02 96.47 -54.04 -50.88 -74.45 -17.10 54.23 65.77 -33.36 85.73 -46.10 52.23 92.00 79.72 -30.11 -43.85 -1.67 12.52 55.42 17.27 98.99 -2.81 -94.75 66.78 -29.24 36.45 48.26 6.18 32.71 -63.93 -40.75 -75.81 21.36 81.41 0.51 41.85 -85.55 26.54 75.54 -32.38 60.15 26.64 32.61 31.37 -15.74 7.30 -10.47 -56.73 -73.53 -80.48 -72.39 49.95 -100.00 81.33 -59.69 -31.47 -9.57 -59.71 -45.49 85.28 -8.02 77.03 33.94 33.72 -12.96 -97.65 -70.46 81.07 -4.38 74.68 -48.15 -85.26 42.17 40.90 67.08 -31.09 41.01 61.40 28.85 -82.89 -64.63 -36.17 36.61 24.48 71.46 -58.80 -73.06 -75.83 82.44 60.71 -56.74 -93.36
65.22 33.29 -35.30 -56.11 90.98 -4.28 -74.69 1.45 41.63 -68.85 -15.98 55.37 -30.12 88.94 -93.26 13.41 57.85 -64.98 32.00 -93.95 71.30 17.25 52.39 -27.98 4.20 -1.64 55.56 73.23 -10.24 -61.53 -35.29 -86.17 -56.93 80.88 16.75 -65.00 88.87 21.32 -29.98 14.23 -13.86 -70.26 -60.28 -17.58 -47.26 58.26 -93.63 -41.61 14.36 29.92 -12.54 -61.79 75.91 -91.72 -95.10 -0.15 91.22 -59.59 -86.29 -71.99 -2.33 -12.02 -44.57 6.83 -69.45 -55.85 -54.43 -1.81 -79.97 -27.09 -6.01 -45.16 -55.18 -51.22 -70.78 56.90 -54.86 -44.51 16.66 -28.87 -2.68 -44.46 -4.59 -37.21 1.65 93.89 58.37 32.25 -31.80 -55.27 -37.13 -42.80 -30.61 -61.05 91.62 -7.25 -2.18 -90.12 -79.10 -74.16
-89.22 50.07 -78.57 76.18 -2.93 75.56 67.95 49.30 -81.60 43.31 11.78 19.01 -25.40 60.07 -33.30 -4.63 91.39 28.85 29.83 -88.99 23.19 76.25 -45.75 7.45 -0.40 13.27 -44.95 38.37 -64.85 -34.31 -46.17 50.74 33.12 -52.62 -57.13 59.12 -69.25 31.13 43.40 38.21 -73.65 -94.60 -75.78 -37.26 -57.99 -15.79 -20.57 32.78 -37.87 -2.81 -15.11 81.83 -97.77 -9.73 30.39 87.13 -92.75 28.34 84.61 -13.32 40.34 45.94 -94.32 89.97 89.97 79.58 -70.10 58.69 42.74 19.49 -0.68 66.85 10.64 -84.12 58.54 -45.38 -78.45 -63.13 87.34 -41.89 52.58 40.31 -30.47 63.59 57.04 32.49 28.43 64.64 85.31 26.49 47.24 -67.92 28.42 68.35 -82.67 -73.38 46.39 -74.03 26.76 -51.68
53.18 24.71 15.54 5.93 -19.13 74.70 -89.37 -43.23 47.49 57.78 18.69 -12.38 26.76 49.85 -75.93 29.90 -52.53 -1.45 43.91 36.04 59.01 -83.22 -3.19 -76.16 -49.49 41.94 -76.02 78.69 -81.94 -51.60 -80.95 59.41 -10.71 -56.48 -77.14 59.19 -97.03 -14.48 -84.15 23.90 -60.65 -32.48 92.86 66.58 -39.57 -88.10 -70.69 88.41 95.60 -88.91 96.54 -33.12 -35.75 48.36 66.70 67.25 -0.88 98.81 23.48 -49.24 24.76 48.12 13.36 53.43 -9.59 -19.14 -36.57 4.80 31.91 -52.70 50.28 50.46 14.70 74.80 -87.15 -48.70 45.76 -10.87 22.18 -67.38 94.41 -19.76 -83.02 -18.01 -33.21 46.51 19.16 -68.67 75.51 85.27 43.77 -88.93 -71.61 85.40 -29.48 49.38 9.17 -20.48 2.68 -71.39
-46.50 70.66 -12.69 -65.44 -32.94 -50.21 79.53 -54.69 -10.30 96.64 16.56 25.81 82.14 22.82 -48.16 -56.72 -35.60 -50.09 97.90 -94.61 24.32 -90.99 79.04 -57.55 21.44 -4.55 -33.43 9.18 81.40 -84.34 45.77 -84.01 21.25 -67.24 -78.16 80.25 66.03 79.77 -98.00 42.04 3.38 98.57 92.26 -69.75 -56.21 55.75 -23.74 77.07 -87.93 -6.29 -88.02 -25.30 -77.52 -95.38 -79.67 83.27 -2.13 -83.12 -54.32 98.63 22.67 -24.37 31.87 -50.60 5.90 56.09 60.64 35.21 3.54 -70.46 58.85 38.29 -63.69 -97.01 -91.20 17.94 -35.55 -69.11 -18.04 -49.55 29.05 76.92 70.33 12.93 -75.89 87.54 -0.24 -30.11 11.75 90.49 9.34 -73.79 -54.64 6.39 -13.73 -71.63 -17.04 81.84 14.33 -85.15
50.21 -51.86 15.62 -71.20 -32.58 12.07 -63.51 -30.23 -3.69 13.00 -0.58 38.53 71.15 6.43 -68.50 97.01 -17.54 -15.31 -0.64 -19.93 27.64 87.50 -4.16 93.90 84.24 -44.92 4.53 -27.74 -68.96 92.94 44.38 28.47 -57.19 96.14 79.90 -27.62 54.83 -62.21 90.48 -10.19 -40.97 -72.59 1.18 -45.04 -67.98 -75.40 84.29 90.92 -9.36 87.64 84.90 51.43 97.29 9.05 97.16 46.58 -38.51 -90.27 -97.61 -40.08 1.65 6.23 -0.25 -76.45 96.54 -91.61 95.80 -39.92 7.26 -37.56 82.41 77.44 -40.76 2.25 -77.34 45.71 -94.58 31.78 89.82 71.97 -33.55 -42.83 63.32 -43.96 12.81 45.72 -50.73 92.31 -48.50 78.07 84.71 54.01 -11.13 -65.85 -44.37 -7.70 -66.75 49.63 88.41 -22.48
40.59 -60.96 13.89 63.39 -1.28 -70.36 -48.42 -6.67 88.50 21.51 -90.73 -63.96 3.91 -37.15 4.78 35.05 12.19 39.87 72.38 -0.27 -17.33 -5.21 44.84 -30.42 25.55 86.81 71.55 43.05 -82.57 38.12 91.60 -6.69 -87.67 -0.64 59.89 -69.70 97.97 -84.81 -92.92 74.07 -46.22 86.34 73.79 66.78 91.44 -17.14 98.71 -30.67 -94.34 39.17 50.15 -32.35 -68.80 45.80 -73.70 14.69 -30.62 87.66 86.76 8.89 -58.10 -21.38 -93.31 14.19 19.04 -96.18 -82.17 -67.17 48.43 51.58 -60.10 -18.75 84.93 69.71 -25.95 17.15 0.27 -77.32 12.34 76.50 93.27 46.55 34.78 85.20 89.20 -18.87 14.88 95.31 38.47 43.51 -46.11 36.16 -62.65 -59.90 2.24 74.34 -82.80 -33.79 -60.26 51.83
-32.56 -60.48 -65.91 41.97 38.86 -27.32 19.78 49.95 -62.88 -68.11 -21.08 -64.42 -16.53 39.42 73.61 -71.42 -57.01 57.93 -14.38 -53.94 -99.75 96.26 64.72 -0.27 -43.56 -36.54 62.66 -11.64 -26.44 -82.88 -11.24 -90.49 -41.18 53.59 -81.78 93.23 -61.83 8.43 25.75 35.51 70.16 -14.72 74.26 -68.51 38.86 -78.11 -2.92 86.23 -2.13 64.55 -39.68 73.17 57.75 -59.93 -84.13 69.50 51.96 -14.44 -66.22 74.93 80.19 -76.08 92.75 -41.92 -45.85 -34.92 -69.20 92.46 21.11 81.82 92.77 -13.20 15.12 -88.23 98.06 -0.74 11.19 -32.13 71.64 -89.89 -6.96 30.67 38.45 -36.07 -96.11 -17.95 68.38 -11.12 -50.99 -74.02 33.95 -46.65 -93.67 61.12 56.46 98.80 -60.35 -27.63 -8.86 -78.97
-95.20 12.89 -69.85 -47.01 -85.96 15.96 93.91 -15.93 58.96 -8.09 8.27 -31.63 -61.67 46.38 -84.76 67.33 37.77 89.40 37.75 10.39 -58.47 -27.64 -73.93 79.64 96.33 -40.93 80.87 42.52 -64.19 18.36 -73.55 -43.29 -34.52 -42.97 86.93 -69.12 -61.18 98.78 24.61 1.74 36.78 39.88 -73.13 85.21 -41.31 -45.94 -90.81 -65.23 -77.29 29.27 63.94 -89.67 -78.71 81.92 23.87 -37.75 10.56 -5.37 55.28 78.32 66.04 76.01 98.76 94.58 58.79 -78.82 43.72 66.91 77.20 -94.15 -59.75 69.40 -39.64 46.12 53.97 -31.95 -3.00 5.50 7.29 89.77 76.59 -57.47 25.95 -25.42 50.14 -70.14 -12.72 -11.86 -20.23 -85.14 52.86 -48.88 11.12 -27.83 -46.10 14.85 -94.51 -39.34 -66.67 33.16
85.45 95.46 75.07 -23.67 -27.57 52.02 82.91 -45.60 73.66 59.76 31.57 -80.03 59.05 49.55 -66.97 -10.04 5.42 77.24 -41.63 50.52 26.67 -10.42 -86.62 -34.33 44.05 -65.04 28.88 38.12 -20.62 50.34 -51.32 69.32 45.22 35.56 97.75 -81.00 92.08 -83.97 -79.72 -10.87 35.22 -55.23 -73.13 54.03 -5.76 22.88 60.32 96.92 85.01 -24.95 37.36 8.68 54.20 21.32 -93.15 24.01 -73.57 90.29 -58.89 73.58 -7.88 -24.12 -70.15 -90.05 -32.66 36.20 -66.84 -82.72 -43.32 65.33 11.02 -34.37 -1.95 27.85 -98.73 92.97 -7.70 -78.36 -88.95 48.02 16.01 23.90 -87.48 -60.11 28.91 -39.19 4.84 -33.32 -98.15 63.94 3.83 61.23 13.14 7.02 -16.19 -29.87 -15.26 24.46 -27.45 -84.75
-46.02 -69.48 60.15 27.43 -61.38 97.65 -55.76 -59.70 -74.72 22.31 19.80 44.11 8.94 22.70 79.91 34.69 -91.95 -11.40 -81.97 34.94 15.78 -74.55 -30.65 27.26 31.65 91.19 36.59 85.06 16.43 9.23 74.70 70.28 30.16 24.19 -93.73 -45.95 -61.11 84.04 51.35 96.26 81.03 79.26 -96.55 64.41 -68.83 79.63 20.98 36.39 68.92 67.28 -46.51 -84.34 -89.10 12.66 69.82 65.36 4.94 11.53 37.35 -95.46 50.66 -77.42 -56.21 79.20 -71.30 64.45 -23.70 -10.16 -73.61 69.05 99.54 9.99 -1.12 68.61 45.43 60.31 51.33 -49.74 37.45 60.75 51.60 -62.28 67.51 -38.82 54.63 32.15 93.25 2.10 39.48 -98.16 -79.26 -66.78 -81.47 -87.31 64.03 19.27 74.53 44.61 26.11 80.91
64.01 -71.17 -19.38 -26.40 -30.44 70.68 32.68 -61.42 98.50 87.92 -78.85 -3.14 -76.57 -0.63 -82.49 93.36 -95.29 -50.83 79.32 18.54 21.31 -81.24 29.31 -14.77 11.19 62.56 8.06 62.45 80.09 45.29 -44.83 46.04 -27.11 40.39 -18.41 -67.66 -80.02 39.98 94.21 18.15 -47.22 -41.23 -49.92 -19.81 79.61 -99.71 -72.19 -0.46 32.67 70.49 -36.48 -80.57 -34.26 -73.72 58.21 39.97 -13.20 -17.51 0.79 -23.35 81.31 -45.92 98.65 24.23 -20.16 60.41 -69.86 67.27 -23.87 51.92 -5.66 73.12 -99.46 70.53 -81.45 35.83 59.98 -47.59 -23.18 -52.54 7.36 76.45 -81.42 -26.46 -17.46 82.30 -6.15 -69.67 -79.68 -48.31 86.41 -75.27 93.39 -92.15 -22.82 -86.85 83.38 -54.43 67.15 47.28
38.37 -16.56 46.22 21.15 46.34 96.43 -93.08 9.00 -16.08 -75.27 -22.02 44.21 9.02 62.07 53.41 41.90 59.85 75.11 -10.53 77.06 -17.55 -45.27 54.81 6.38 16.51 13.69 -2.84 -60.89 -65.63 -11.88 -96.36 38.24 -94.13 86.62 79.72 41.88 23.93 99.86 -24.33 -87.90 -63.20 94.39 84.05 -55.02 97.40 -83.66 82.22 -57.62 36.22 52.21 -29.57 5.05 63.10 -47.96 -71.30 82.77 55.55 66.64 -37.55 -48.22 20.99 -2.90 -18.86 33.56 -52.69 -37.59 -67.79 34.85 0.88 26.17 11.13 40.07 -10.65 -21.09 -39.60 -2.79 2.75 96.16 43.48 21.27 47.83 -85.26 68.83 -66.22 -79.53 -76.04 -21.14 -89.83 67.75 -59.50 -62.93 70.56 87.04 48.48 51.10 48.94 -74.32 43.35 92.66 -92.62
-82.76 30.37 -25.86 30.19 13.59 48.19 -55.79 -82.55 -16.76 49.51 88.32 -52.02 55.27 -97.09 -60.97 72.19 87.46 -44.74 -7.85 87.65 -79.69 -24.66 0.16 63.54 -81.14 -72.76 24.89 43.86 22.34 -50.98 -51.56 -18.80 -90.51 99.24 24.94 23.56 32.04 -87.70 -51.46 -1.95 85.81 40.50 -38.63 -22.43 21.15 28.23 51.19 81.12 65.09 -82.22 47.87 35.32 69.25 74.87 59.57 64.40 -72.32 -89.63 -31.52 72.44 93.35 34.73 -24.49 98.40 -42.48 -80.30 89.27 7.65 18.82 99.17 33.74 79.39 25.19 71.79 50.67 44.53 80.13 96.94 21.08 83.17 -99.73 63.20 -10.51 85.86 -43.48 51.04 64.93 -83.89 90.41 61.91 84.64 87.23 12.21 48.50 -51.57 40.59 11.93 -84.26 42.25 -89.01
49.91 -28.57 92.62 6.41 -94.91 26.99 55.68 -14.93 51.39 37.46 26.30 35.92 28.87 1.38 -34.49 -8.91 -100.00 -31.31 74.71 54.19 -62.75 -80.26 12.06 -59.46 30.38 93.80 -69.58 -49.43 31.77 31.73 57.83 -40.16 -66.32 79.22 -54.55 43.46 -21.27 -94.84 -90.14 -94.69 -58.52 -41.51 88.80 2.81 6.43 72.86 -0.97 -91.93 -39.77 -60.36 -89.06 25.74 26.47 98.58 -47.04 53.93 49.68 70.16 75.99 -82.45 9.44 64.36 35.18 -90.56 11.07 -53.64 81.01 -0.43 -3.83 -36.03 96.90 -14.89 -31.39 80.41 63.58 -0.99 85.43 -87.24 5.62 93.47 -9.06 11.35 71.34 44.73 -96.33 -98.51 88.46 8.27 -74.95 -19.31 -19.97 78.91 -51.62 -52.72 2.84 -14.36 7.30 24.75 -61.80 85.42
7.02 55.20 46.35 -61.92 96.41 -64.74 30.68 -2.29 70.20 27.43 -12.77 -17.53 -90.41 -18.77 69.37 -90.58 -73.44 39.36 -56.73 -6.46 -3.20 87.95 -90.56 -29.51 26.41 -70.27 44.63 97.48 -76.44 41.92 -7.21 -67.53 39.86 -65.97 28.68 56.29 41.40 72.89 11.98 70.09 52.38 71.81 57.05 31.87 -58.65 -76.13 26.43 -67.02 80.64 15.37 22.64 -96.14 65.58 -17.55 80.34 6.21 65.48 31.63 -1.19 -79.43 -1.24 -45.13 25.81 12.70 -4.29 -4.53 -78.42 11.47 -26.75 99.53 12.84 39.26 10.57 89.61 -92.05 98.64 -7.09 -40.19 75.41 14.95 -70.34 -38.81 32.89 -44.84 -39.96 -81.57 31.89 9.12 -9.10 94.57 -1.31 -20.24 30.42 -33.36 15.69 83.82 -16.89 45.45 81.20 -56.71
56.57 39.52 66.10 58.70 -16.93 -85.83 31.21 15.67 45.59 95.30 -66.19 -10.32 -71.71 85.94 30.29 -86.57 68.07 76.03 -43.98 -37.08 -42.90 4.41 -88.45 26.93 -53.78 -46.69 59.20 26.29 61.19 70.15 33.12 -83.61 -96.45 51.09 -92.78 16.32 -12.99 -70.83 -40.79 -19.15 73.57 -56.39 19.82 -27.95 3.00 -39.99 48.69 38.02 -93.58 65.27 19.54 -38.20 -6.81 15.71 -68.63 -16.90 68.68 -38.85 69.30 30.86 43.13 71.22 -11.44 -99.26 -18.94 7.20 -12.18 -31.62 91.50 74.60 84.95 -54.33 -54.94 -21.82 -35.43 -76.39 85.07 -78.91 0.65 39.60 15.90 36.54 82.71 2.96 -1.14 -37.22 -36.13 -62.23 79.03 -32.21 -9.87 8.74 75.15 -74.69 57.67 -98.37 -14.27 83.77 -49.73 -59.32
-20.01 -72.78 44.40 -9.74 -33.26 44.15 -63.62 -52.97 -83.97 82.79 82.64 91.61 49.77 -66.55 13.94 -96.78 -60.44 94.30 89.09 0.64 -67.89 -95.16 73.18 48.70 89.98 61.82 64.60 64.47 -80.09 63.05 -69.98 -66.54 -81.51 6.72 -30.93 -15.77 -78.44 -4.20 -45.99 43.87 -63.98 75.30 -89.35 -65.61 6.10 -45.65 -9.44 -28.01 -90.22 48.88 -25.49 69.68 3.28 -18.36 -88.59 -48.17 90.52 82.14 48.08 48.43 -83.37 -28.84 86.25 -54.86 -66.78 26.89 -37.56 0.74 -83.79 47.75 -84.53 -1.52 -83.01 37.15 -7.12 18.12 90.29 37.81 -67.24 12.72 17.68 11.86 46.97 -41.39 -73.42 98.28 84.94 -16.12 41.30 -23.87 28.63 37.81 6.06 -52.18 -52.81 36.56 -57.33 -8.12 -41.55 -35.65
28.88 30.49 -24.46 67.87 -6.53 -62.16 38.09 -21.74 -43.16 -18.33 29.71 -4.99 -88.76 -25.88 98.57 -22.04 67.67 76.24 68.33 -22.28 -42.74 -10.67 74.30 -77.56 -76.00 -6.55 -65.64 -10.54 76.20 -37.03 -34.30 -41.55 -26.01 -55.02 -51.24 -15.08 -13.88 51.66 6.76 -45.92 79.54 32.14 99.57 35.49 51.53 10.58 -81.83 -1.38 64.20 -71.66 79.92 26.78 65.08 -71.11 -64.22 -41.02 3.33 50.70 -25.33 -76.76 -18.89 -58.14 -99.79 -84.78 13.20 -99.97 -9.46 -50.23 -63.44 -44.85 -39.24 -36.47 86.01 91.05 14.78 -23.88 -98.80 -77.34 -14.51 43.18 -38.96 -70.24 67.00 79.34 -62.64 56.21 -80.40 39.50 82.91 -58.78 -41.62 -76.99 34.40 -34.16 88.44 -93.18 -43.96 -72.95 -29.06 84.30
9.06 86.66 63.88 -78.56 40.85 39.84 -99.93 -70.74 -92.86 -64.72 -44.22 -28.48 -30.32 -77.22 -27.54 -20.26 -62.34 51.94 60.55 -17.58 41.29 42.96 -11.28 71.05 -36.24 12.84 -88.69 96.28 13.31 -7.18 78.54 98.08 -36.50 88.14 56.04 91.05 -48.73 -37.39 39.87 14.52 11.96 81.62 -81.81 78.56 -14.05 50.11 -32.64 -85.43 33.56 99.36 -80.13 -68.11 -67.89 41.96 -38.04 -80.96 45.59 -93.70 41.35 89.84 -73.04 -81.42 -84.78 -13.36 -66.44 12.62 -35.70 -32.13 17.75 -25.58 5.00 -67.78 -54.46 30.33 6.51 -31.87 -81.81 28.64 -69.14 66.53 -28.21 -37.46 -84.28 -17.97 33.16 72.85 -9.29 -74.18 62.00 -98.78 1.61 -88.18 67.63 8.58 71.94 96.45 50.30 57.12 -51.22 -87.71
47.32 37.37 94.31 -50.95 -15.64 -81.72 -36.57 -18.59 -59.08 65.73 -30.15 58.22 -71.51 -15.19 91.30 85.27 -1.78 23.57 24.75 33.95 -90.37 76.39 25.97 77.00 93.54 -22.70 14.92 24.73 -80.81 69.81 77.43 28.16 92.33 64.71 -80.75 -59.25 -75.55 54.69 -80.34 -84.10 -31.14 -89.52 -40.85 -19.68 -10.36 29.36 -90.24 44.21 50.33 17.58 58.84 98.73 -42.81 29.15 -3.53 -56.21 5.89 -78.73 14.88 -91.76 82.90 -27.10 2.18 65.02 -25.18 -59.84 -92.56 -34.83 -7.04 6.22 68.02 52.22 85.84 1.61 20.56 -12.44 -69.65 -83.94 89.99 -50.06 94.83 -29.71 -42.40 -72.94 39.79 -34.39 97.94 38.54 -51.29 -41.86 -40.76 7.15 62.07 -24.35 -3.59 27.63 91.90 6.27 -83.61 92.56
40.76 -57.30 13.47 -54.67 -27.74 -64.25 43.87 97.58 -20.06 86.46 88.98 10.95 52.28 -2.33 37.76 -7.67 -84.40 -49.78 44.47 8.11 91.51 74.11 8.62 -90.00 41.73 -65.94 50.05 -92.09 58.69 -91.48 77.60 76.49 -72.24 26.21 -83.79 -6.56 65.16 39.00 68.95 12.43 -89.66 -36.03 -55.67 -65.64 76.60 59.13 18.06 96.67 28.56 -52.59 -16.79 74.56 -93.67 96.30 -67.14 -73.54 -69.30 97.02 -71.69 53.28 -97.80 63.08 89.38 51.67 60.63 54.71 98.01 -52.27 -62.94 71.39 81.27 6.99 -4.70 56.46 -3.35 48.82 -86.52 84.17 -99.51 69.11 -58.38 -64.48 -28.92 31.30 50.12 -30.07 97.46 33.12 -44.77 59.32 -44.35 63.98 -85.39 66.15 2.23 -94.09 50.71 -57.76 -11.64 38.69
97.50 56.25 82.82 71.89 -96.66 -48.23 84.24 23.17 -90.65 -32.77 -8.38 -18.12 -7.14 21.18 65.88 -43.73 -14.19 35.67 -16.92 7.89 -47.30 15.40 67.83 -43.39 -76.33 -86.41 -31.61 -92.48 -32.87 34.32 23.26 -51.72 35.49 31.83 28.59 -43.81 51.52 -56.32 -94.85 26.52 77.06 60.18 71.31 -35.91 -73.27 33.04 -92.14 36.53 -44.30 9.33 32.72 50.15 -34.42 -28.81 39.04 -46.03 -21.95 -26.36 -37.62 -45.00 -25.92 60.84 -80.54 26.52 -93.78 67.63 50.78 -52.42 86.43 -14.05 -50.28 29.45 -3.86 16.35 -42.80 -85.69 83.04 -52.93 -34.73 5.02 38.97 8.76 -54.51 52.43 70.57 54.08 36.85 83.44 -88.04 16.08 -51.73 -31.52 -20.48 -24.98 -31.69 -66.24 31.72 -26.95 -82.35 -4.16
50.72 62.04 69.62 -46.70 -12.42 50.96 41.08 49.21 -56.73 30.96 -75.57 -33.52 -48.75 -69.54 -6.15 90.70 -68.28 51.21 -91.17 65.19 27.37 -91.11 68.20 -98.19 -69.21 96.38 -48.98 -67.78 -29.39 -97.04 -12.46 83.39 -90.64 18.00 23.51 77.65 14.28 -98.13 91.60 8.44 -26.18 -11.89 89.55 21.65 -40.24 30.23 -53.27 -56.87 84.34 -50.54 -31.12 -49.57 70.96 18.35 99.87 60.71 60.27 67.84 12.25 -60.03 -82.53 -58.57 -71.94 -32.14 22.09 22.87 27.19 57.67 89.77 26.34 -23.29 80.41 7.11 42.04 92.80 7.28 93.16 68.12 -52.69 43.89 12.30 -79.61 92.00 -47.94 -82.75 80.51 -74.08 77.48 -38.11 -8.09 55.49 -95.68 58.72 -78.52 -46.10 22.45 -26.38 40.63 73.24 71.98
27.28 -71.52 30.02 -24.30 21.35 68.26 94.23 51.65 58.35 41.67 53.64 38.26 61.22 -19.10 -10.25 24.16 16.74 -15.84 13.54 -55.81 -54.66 96.31 -92.74 61.07 -23.45 44.62 -5.18 -66.82 -63.48 -13.78 -65.94 26.41 69.06 -61.25 -55.79 32.19 -91.02 89.35 47.26 -10.84 89.92 -46.04 20.78 18.50 -79.14 -46.44 -11.23 6.87 -74.31 -26.90 -19.24 95.86 19.90 -64.40 68.22 31.41 58.10 -56.62 -35.80 -62.91 -8.86 93.98 -52.09 -16.61 45.85 94.58 40.63 37.92 -73.85 12.65 81.14 68.87 73.61 55.02 54.70 -32.39 -12.70 -18.84 74.64 59.30 45.80 -0.64 -75.78 46.91 -54.32 37.89 19.41 72.05 -21.02 17.98 -37.10 81.08 -23.68 -93.33 36.08 -56.20 -80.79 -75.57 -26.59 58.60
-48.40 6.58 -94.42 9.29 51.79 -11.81 65.80 21.40 -54.42 -19.87 -56.92 -27.12 -69.72 28.99 11.64 70.00 3.57 81.18 -81.99 0.81 -38.82 -47.49 62.98 -23.11 -59.92 -6.14 -69.86 72.98 -99.90 -43.07 48.50 22.30 -1.31 33.80 10.02 99.37 -28.74 -76.32 92.20 -32.30 -91.58 -62.56 19.90 -60.08 -16.78 -20.12 17.66 42.13 66.11 44.72 -57.88 -52.84 4.74 -80.56 13.76 -62.43 18.44 -57.81 8.05 25.60 62.99 12.95 -98.40 66.06 30.62 -15.13 78.85 -14.44 -77.18 -56.90 75.60 -0.78 -5.90 -24.51 35.99 98.77 91.61 -97.09 65.57 -28.71 -29.16 -87.59 -24.16 -9.94 60.95 25.34 -32.15 90.56 87.53 49.11 -92.45 -36.17 48.25 -96.08 -57.84 -86.37 51.21 -82.70 -23.22 -45.88
89.07 -60.26 53.03 -33.02 47.60 -99.63 -98.23 -48.77 22.65 79.88 -96.01 -65.40 43.67 -75.99 -36.68 74.76 -5.50 75.92 -76.71 -62.05 10.04 6.17 43.20 -36.28 72.36 -4.64 70.76 -85.78 87.02 -11.28 -12.43 47.46 -68.33 -95.09 -56.69 50.50 48.52 37.13 -34.17 2.15 51.49 66.21 -9.64 -48.92 -99.94 86.39 -77.62 -93.40 6.90 -25.83 29.45 -34.11 44.58 24.83 66.56 58.22 -90.73 -84.35 54.07 57.72 73.57 -40.19 -73.43 33.10 -98.07 69.31 5.49 -20.95 26.21 -52.15 19.63 -12.30 92.52 -38.52 26.27 79.31 -97.30 -81.09 -21.41 79.82 56.91 -36.75 25.61 -27.03 -44.00 70.96 4.13 -92.51 2.57 -8.57 13.02 -32.08 86.70 84.36 44.60 -37.63 -27.60 58.51 -33.57 84.89
-58.36 37.57 -56.46 -17.94 77.87 29.10 -6.54 45.43 61.43 -20.78 14.47 17.87 18.10 -43.21 54.24 54.26 -17.08 -7.43 12.77 -55.60 72.07 93.04 -19.07 89.41 -31.33 19.78 -62.46 -78.15 30.99 -92.38 -93.37 -60.49 42.76 13.01 -47.78 -29.34 -57.53 91.19 74.90 -30.71 27.62 -32.10 93.94 48.11 98.12 66.63 91.44 -58.88 38.19 19.77 -56.10 80.09 93.61 -41.15 -79.40 63.33 20.24 -97.81 -7.38 43.69 -41.51 97.22 -78.13 97.61 32.83 85.40 92.64 47.61 83.21 4.30 84.72 44.59 0.16 56.69 -54.01 18.45 -17.85 -71.97 99.23 97.91 30.88 -41.33 -5.05 -21.42 90.65 -5.52 20.78 56.10 5.95 95.94 62.33 99.40 44.25 -19.76 82.46 -72.31 1.58 41.57 73.68 4.05
-93.05 63.19 3.77 -38.46 -37.08 -32.77 -53.72 71.32 31.59 66.33 22.68 -8.11 71.80 -58.01 52.69 -26.86 80.79 52.34 11.28 -79.86 80.84 12.19 46.27 -76.34 21.67 82.56 23.99 39.19 93.22 -63.93 87.67 25.67 -71.33 44.45 22.81 59.71 12.31 74.85 51.56 -9.57 -43.25 -58.93 41.24 96.56 -83.46 19.35 50.56 -29.43 30.89 -84.04 -37.57 31.25 23.70 -32.47 34.64 -28.75 -81.47 -91.05 69.63 69.19 -43.34 -20.43 55.85 57.44 35.95 -28.85 -32.95 -9.90 -5.14 -61.23 -70.51 -46.82 51.28 86.52 -8.35 65.94 97.29 63.61 -88.86 -12.14 -6.21 -39.32 51.56 55.90 87.19 -5.24 13.33 23.14 28.62 -91.24 23.84 54.30 -17.48 10.10 10.29 75.29 63.20 -39.42 -69.69 -8.42
-20.94 -54.73 40.04 -71.47 17.23 57.60 -83.85 -37.52 -4.97 22.99 0.29 -80.60 44.68 -16.86 93.83 -4.29 -20.33 -70.36 -78.02 -63.06 -20.56 -19.32 -53.29 37.34 28.18 -69.51 82.24 -55.83 92.36 96.18 -65.85 60.78 -64.66 -23.51 13.06 16.07 -92.63 -75.95 -46.73 -40.49 50.99 4.12 -2.12 68.40 -95.53 1.75 -83.96 -83.35 24.29 -11.95 96.44 -40.25 -10.71 78.08 -23.94 -7.41 82.06 13.78 78.91 -3.00 -61.19 29.83 89.38 -93.13 90.07 -15.00 -48.82 87.75 -64.45 -11.45 89.41 -56.13 30.33 19.81 -18.27 -6.50 24.16 -43.74 26.39 79.96 21.74 -40.45 -44.50 45.13 71.81 87.31 -26.86 -43.68 57.87 94.77 6.89 -61.09 -81.19 9.74 27.13 27.40 17.19 -99.16 17.53 -53.93
-66.71 -99.63 -3.15 -68.62 -50.77 23.89 76.51 -40.64 38.34 -94.79 -63.21 96.18 62.97 -92.22 -54.24 -10.76 -99.07 -4.74 -3.92 49.15 61.39 -3.20 -60.37 36.15 -2.39 16.01 -75.48 -30.72 60.11 65.75 -22.67 -91.45 8.71 -20.69 70.10 8.41 6.77 -55.70 50.25 -40.68 86.79 -84.26 -33.12 -70.91 17.39 7.47 40.11 66.25 -22.31 27.40 84.56 -20.94 89.56 -86.55 -93.22 -55.18 54.51 36.22 82.39 72.79 50.82 88.18 -59.14 78.66 -81.46 6.94 -73.75 45.51 12.66 53.48 -67.41 20.75 65.39 -75.90 45.04 2.26 -43.13 -47.20 -38.90 -58.36 -16.66 50.82 56.84 -88.59 -24.72 -77.28 83.28 93.91 -45.20 47.95 -84.83 -29.13 -20.56 12.84 -19.45 11.46 91.92 -4.17 82.43 -87.79
81.05 -53.05 -55.67 59.52 -19.54 14.72 42.69 -5.10 98.30 65.31 88.11 41.27 -85.68 24.90 -72.93 -74.75 -28.91 -37.09 -27.34 14.73 -88.64 49.85 -57.53 34.94 46.31 3.66 -38.74 -53.18 7.75 -68.20 94.82 -88.55 31.57 29.98 79.70 82.89 -60.80 5.81 -23.61 83.84 55.71 43.29 -28.88 69.44 9.56 61.15 -19.23 51.64 78.51 97.35 -80.36 -76.65 83.78 -35.14 75.27 71.68 31.45 -41.44 -77.48 -47.14 -40.25 -26.97 -93.99 31.30 -15.43 94.33 -51.38 -86.07 84.87 -97.01 85.98 -58.84 93.59 61.95 -40.03 -73.02 -71.40 13.87 63.53 7.70 58.56 29.07 8.25 78.59 -46.55 -81.52 -12.65 -13.05 15.70 -7.17 54.20 38.39 -44.78 32.46 33.78 20.77 -39.00 -77.38 73.80 -49.19
-4.43 -29.83 -79.01 45.93 50.75 14.41 -46.16 -95.29 -85.18 -73.50 21.15 7.02 74.69 52.25 40.95 81.85 85.37 13.06 13.49 -68.00 -58.28 78.73 -49.13 -26.01 -66.35 -98.52 23.92 83.60 -74.45 -56.73 53.57 -70.13 -82.05 -67.33 -5.86 15.75 -14.18 -25.32 5.79 76.77 -85.39 -3.17 -91.22 -16.00 -84.18 38.08 -25.58 -50.53 88.00 89.61 56.37 -49.24 89.87 -70.29 -99.80 6.29 -40.67 -75.11 -13.20 41.21 -11.84 48.79 -41.38 -82.03 1.98 26.18 -45.92 97.46 -53.12 -25.06 -21.69 -35.32 58.13 -38.42 26.61 29.31 3.01 -7.77 -64.22 74.08 -96.81 -67.15 -68.53 -62.09 -85.44 58.71 -14.75 82.29 51.14 94.81 3.50 -66.13 52.39 -8.63 -2.17 -59.43 48.36 -32.43 6.73 -28.20
62.54 17.11 -58.34 -75.56 93.74 84.41 84.83 39.45 -74.88 -28.21 -46.53 88.55 9.51 -32.58 83.26 41.37 7.44 -94.06 -11.22 26.40 20.21 21.53 80.10 -53.88 2.64 83.66 -3.17 80.22 8.80 -50.95 -50.68 -71.72 -98.99 38.50 -78.72 -33.79 61.27 96.64 -40.09 38.79 8.70 -6.41 29.80 -96.44 -62.96 -90.27 -73.92 75.08 -22.38 56.64 42.89 -65.77 -65.54 63.34 -39.18 -77.96 45.99 88.57 -74.75 3.82 -53.75 19.23 -81.34 -59.96 -34.33 67.37 32.85 -90.59 92.42 -49.70 89.67 73.54 32.33 5.26 79.41 -61.01 92.12 -42.75 70.04 30.68 -7.09 80.09 17.15 -65.03 57.63 58.17 59.59 24.14 10.58 19.60 -31.40 -61.25 64.76 18.51 94.62 -81.65 -50.25 1.97 -48.57 66.29
-79.33 37.30 17.64 -10.45 97.35 96.65 -93.71 97.67 -66.25 -28.88 38.56 -33.59 -38.96 -72.58 -59.26 95.76 -77.26 21.12 -26.94 45.98 -22.80 -83.66 64.10 -44.41 50.81 38.68 -32.09 91.03 -91.62 -90.90 -71.88 -19.59 57.44 26.58 -44.45 47.69 3.39 55.67 -89.28 1.61 -24.39 26.17 -7.75 78.36 6.46 80.03 -89.46 75.43 -89.42 22.57 97.10 -24.33 69.65 -80.53 -1.37 -90.34 53.88 -11.82 6.66 66.80 -4.05 -14.82 75.06 55.60 55.16 -77.03 77.33 -38.14 84.46 83.57 92.56 -10.14 84.81 3.96 2.33 -19.32 -24.93 -64.56 24.06 -5.10 -44.23 -73.51 27.91 83.96 47.86 -78.43 -46.09 87.49 28.73 -94.83 85.15 -67.84 61.17 -20.69 71.05 14.80 -27.75 59.54 -74.41 89.47
78.91 -95.96 21.68 0.40 -5.30 -90.20 -47.71 4.33 62.80 5.45 81.17 43.77 -90.89 40.92 -18.46 6.51 -26.56 -21.90 -73.27 58.57 -94.96 29.46 -75.74 -72.13 -38.79 68.96 -59.43 -60.23 42.99 -29.68 -98.15 -81.08 77.53 22.66 -73.27 96.81 58.78 91.07 3.08 -95.37 -31.49 -86.32 30.97 -39.36 74.79 -34.58 59.42 89.15 -92.50 -28.18 18.60 92.35 89.41 40.88 48.40 -29.71 32.29 1.63 52.05 -54.14 -2.93 77.25 16.90 56.37 -93.81 -32.03 83.47 28.00 80.48 11.49 -6.54 63.07 -17.24 -98.95 54.07 68.47 51.71 5.82 84.96 -38.85 -19.73 28.47 -9.11 -65.89 40.14 97.14 -27.65 -10.89 -23.58 -4.61 38.49 14.14 -68.00 -3.84 -93.82 50.17 -32.30 90.33 53.95 19.45
76.66 54.10 -83.70 -63.87 -55.25 34.71 8.90 8.18 -37.14 -29.06 5.64 8.72 -80.72 4.35 -1.58 83.24 3.94 90.82 -40.34 53.17 83.81 97.63 62.94 -94.72 -8.76 -63.58 46.77 8.50 82.22 -69.51 82.61 -73.54 -25.53 -34.24 80.58 -91.33 -31.76 3.62 -50.16 9.59 30.71 4.98 99.83 81.63 -74.95 4.12 54.65 22.97 1.10 -49.17 9.16 -75.33 -52.76 69.43 31.81 -5.80 99.99 48.85 -50.63 -74.81 -85.59 89.73 -21.22 90.66 73.50 -50.23 49.47 90.44 -65.18 69.78 -86.80 67.52 56.32 29.65 8.60 -56.73 95.31 65.32 -89.67 -88.08 -23.19 92.76 -80.91 22.47 84.63 -88.72 0.12 34.53 72.70 51.18 73.09 -84.87 -7.35 55.18 -1.24 -76.51 57.38 85.61 -43.08 85.65
-81.13 -68.13 -72.47 34.14 -14.18 -78.31 -79.91 68.87 -11.61 96.77 42.05 -0.66 -44.07 -26.49 54.73 -48.56 -42.56 90.50 -52.93 -11.12 97.19 -16.66 -88.04 50.19 -31.46 69.83 46.55 -9.91 18.92 -26.68 41.55 -66.86 7.07 1.74 97.08 54.52 55.35 -29.06 -2.18 57.42 72.80 -38.49 32.90 26.41 -17.81 16.45 90.58 -68.68 19.44 -73.77 -5.07 66.74 -62.62 31.04 40.86 8.22 -40.65 -74.80 -87.24 -71.38 -31.54 -51.90 87.37 30.78 -89.28 -57.30 13.23 93.87 46.16 -25.88 91.42 -8.04 -13.48 -43.04 -54.66 -2.90 77.60 -72.47 -56.94 54.12 4.45 -7.30 -68.29 -55.40 -46.33 -49.25 6.25 82.85 57.16 -38.53 43.03 59.78 90.23 -86.45 -57.23 90.59 -46.16 -54.98 -19.52 57.50
35.39 -81.59 -13.02 12.85 52.39 18.34 -98.59 91.19 -15.97 11.13 -95.41 -38.82 -55.33 96.38 60.89 5.14 92.77 82.04 28.79 55.99 5.30 -94.61 -64.11 8.53 87.86 15.63 46.07 55.17 -65.50 -2.63 -19.31 72.59 -51.97 -72.49 65.33 -5.84 63.33 27.16 -2.35 71.18 -27.69 -29.72 2.64 -59.77 31.81 -20.69 -99.78 6.64 35.50 -88.09 32.76 73.15 78.69 10.60 -91.04 -19.59 -89.84 14.52 43.25 74.44 -93.80 -52.19 96.11 -29.67 8.13 -25.73 -25.53 -49.78 31.82 28.08 -12.03 -27.59 77.60 -24.75 60.65 6.68 77.72 21.18 95.11 13.42 -13.93 82.35 -76.23 -99.25 22.65 -81.53 -81.86 -35.38 -46.47 98.06 74.26 99.54 81.08 -59.79 -83.07 43.56 -0.49 28.32 40.61 -62.30
72.16 47.44 75.03 -75.38 -52.45 -79.06 80.19 -24.68 43.72 3.10 51.58 -62.91 -62.13 50.31 15.82 -88.74 75.44 -29.25 19.11 -30.78 -45.08 -81.56 27.55 -80.81 3.93 82.36 -46.59 -3.42 -99.79 95.27 75.76 67.05 25.98 -53.23 90.48 -86.30 20.07 -62.90 -82.97 -52.82 -3.73 26.54 73.81 -60.75 -16.11 -16.15 -63.77 45.14 -27.17 57.80 -27.35 -3.77 -93.17 72.70 -36.21 92.89 -20.45 -94.36 82.66 7.08 53.43 27.13 88.28 -64.41 10.11 -58.69 4.48 16.17 -62.26 -48.38 -63.44 55.04 65.08 49.48 24.72 25.69 -8.03 48.48 96.14 77.30 -23.03 46.04 7.65 -48.08 47.45 18.88 -97.59 -0.32 -45.08 -75.95 -19.31 22.95 95.99 36.76 -35.47 16.77 -30.92 -44.74 -9.05 16.11
-95.16 95.02 52.56 28.05 -11.41 -70.04 -63.57 34.12 41.24 -53.05 46.73 -50.38 14.60 -29.97 94.03 -28.37 27.20 -4.14 18.22 35.59 49.42 -92.90 27.15 -79.71 95.24 -41.99 96.01 -96.47 11.11 24.96 63.78 86.07 17.25 77.51 45.05 -80.55 94.84 42.76 -10.54 -42.37 23.69 19.12 -11.99 -2.27 -65.62 -81.68 42.43 80.03 -56.88 -80.65 88.99 27.89 -84.06 -72.60 -48.34 62.45 -92.13 -45.96 -69.91 -62.90 83.60 -1.99 26.32 94.81 2.64 -52.79 -98.48 -86.63 97.68 -84.05 33.49 -87.71 4.11 20.84 -96.78 -53.64 57.29 -97.54 -44.06 28.57 43.03 30.32 49.89 78.16 97.65 -47.65 -57.33 -38.31 -81.00 18.66 -30.35 28.53 -68.38 -10.07 -10.56 -12.87 12.78 -89.03 73.22 -56.83
-71.35 92.86 -51.86 84.51 -22.66 32.92 -65.49 50.88 -78.38 -61.56 46.15 54.74 0.34 -87.53 -54.31 50.99 15.94 -47.61 1.14 61.58 7.63 34.59 -56.77 -49.84 90.10 -60.38 77.47 40.31 -60.33 10.81 95.24 10.73 -50.68 -95.72 -11.25 56.11 74.17 60.29 -52.93 -31.01 -62.03 91.64 -71.80 61.15 92.93 35.79 76.95 -57.97 -35.19 64.61 -87.32 3.42 56.68 -38.66 -58.47 -30.55 30.97 -81.93 -45.60 93.77 -28.51 14.37 -89.09 9.26 0.79 50.18 -86.74 -76.59 13.34 -23.13 -70.80 -58.83 35.54 -57.26 3.55 14.24 75.35 -93.15 -64.40 -21.53 68.54 -36.51 63.36 56.31 -15.92 27.71 -56.88 14.27 15.51 -99.01 -50.24 -47.58 11.27 95.20 -38.16 -30.92 49.74 16.07 -11.74 -77.86
-85.54 10.82 6.54 -57.86 29.89 -25.75 18.40 -1.83 -16.53 -76.36 37.35 14.35 6.51 58.87 96.19 18.95 44.32 -49.98 -20.13 -35.52 36.80 25.68 -88.76 97.85 -43.97 -35.31 63.20 98.69 -66.74 -15.07 78.13 -98.89 38.16 97.70 -25.74 -55.47 -74.85 60.94 70.17 87.34 -98.69 -52.78 -58.74 47.02 69.65 0.66 -26.13 40.95 -11.36 40.56 -98.22 -57.09 -56.94 -24.39 93.34 -47.04 15.76 -15.81 70.81 -24.54 -70.53 97.32 88.37 20.36 -65.20 -80.46 -92.89 55.91 16.23 -85.03 94.78 31.26 50.77 -0.29 -64.00 74.00 -0.47 -6.36 72.33 54.58 -97.75 -93.13 -98.99 51.17 -86.37 23.97 -43.97 39.71 -76.94 93.11 55.37 96.05 25.64 -50.65 -74.63 -58.62 -45.05 -83.84 -8.50 35.98
6.21 88.67 72.75 -82.73 -34.20 -25.85 -3.87 -23.60 47.33 -22.27 -3.10 -18.85 33.27 -83.22 20.57 99.95 -95.19 -66.64 81.44 58.65 2.00 72.57 87.07 56.29 47.85 89.13 -44.38 -69.96 73.83 29.22 12.03 -68.07 -62.80 35.99 7.44 -86.82 39.32 49.28 46.41 -57.39 41.69 -41.18 -79.77 40.32 -10.33 90.19 96.94 62.98 -87.76 -45.38 -82.71 90.89 -64.52 29.86 41.83 -36.82 11.32 -51.50 16.04 -34.01 -70.45 -48.69 57.96 37.63 18.35 71.62 -4.81 52.95 -91.15 -74.41 -82.32 -5.15 9.91 -11.58 71.95 93.07 -14.86 -1.48 -4.38 -74.34 31.17 -12.70 -38.98 5.47 45.53 52.72 32.96 -36.08 76.16 97.53 -4.85 87.65 15.19 20.76 -37.25 -91.34 86.02 6.47 21.64 65.39
-73.71 -4.10 26.12 -2.34 22.04 95.88 -56.62 -26.62 -99.90 -75.66 -66.88 95.87 -81.26 93.00 -49.59 -87.54 13.48 7.46 -10.42 -58.83 54.48 -97.16 32.26 -89.70 80.75 -72.06 -87.63 -97.23 84.82 -59.17 -81.54 55.07 46.39 -26.61 -33.93 -31.75 6.51 -43.49 -73.08 41.98 -92.47 74.05 -93.05 86.03 4.41 51.79 13.48 -12.42 -72.86 -83.55 31.09 14.58 80.64 -78.89 -90.73 -59.70 63.16 -15.93 52.81 -59.98 85.42 -14.09 -92.03 -94.40 76.04 2.17 -22.62 -30.33 -9.77 -96.01 52.27 -34.26 -47.10 -33.84 -59.54 -2.08 70.76 -20.89 -42.17 46.61 38.01 -68.29 63.48 49.50 -80.38 -31.40 8.63 -11.43 11.11 35.06 -85.06 -83.26 -81.41 -34.60 -0.37 -99.64 79.87 -89.37 66.19 -92.80
48.51 50.84 3.13 -55.60 75.79 58.67 -12.77 71.84 -64.60 30.49 -76.78 99.14 12.89 0.47 -95.57 0.53 61.18 35.89 83.04 7.02 -50.52 22.13 -83.75 49.61 -42.65 31.69 11.24 -62.50 -2.42 74.81 -11.79 88.48 25.08 -70.04 48.77 -29.46 22.24 -49.54 -38.58 59.52 99.73 83.68 29.57 58.40 97.56 50.85 59.74 -42.20 -2.06 12.08 55.89 72.42 21.74 -25.23 -97.08 -32.20 83.42 -87.47 -17.91 51.90 20.55 21.33 -22.03 88.20 79.47 82.75 -8.63 64.11 42.31 -59.53 -90.75 47.81 -55.26 -92.29 91.75 87.96 -26.37 -10.11 83.46 -65.83 -58.41 -76.33 -45.20 73.99 -98.37 93.25 94.89 -73.84 47.09 33.02 -82.48 64.10 83.05 -20.43 -19.11 -24.66 -88.53 -99.50 27.65 66.15
-1.53 23.44 -13.18 81.05 65.68 -92.37 9.20 -98.75 64.97 99.48 85.76 -84.58 -4.08 -38.27 84.19 17.81 3.90 66.36 -34.79 43.15 58.38 66.53 42.40 32.50 75.89 21.19 45.57 60.08 -10.22 97.81 75.42 -37.23 59.28 -76.85 81.62 58.97 55.52 95.27 96.94 -23.32 -24.74 -82.70 -55.93 -69.94 45.92 82.36 8.51 48.23 5.20 80.96 -21.93 -94.46 -99.21 -70.46 -23.48 -48.92 -25.55 -4.34 -84.96 -10.64 -76.12 -33.57 99.85 75.71 -10.72 -69.29 -74.76 -94.70 27.90 2.96 -54.09 -88.95 -63.30 -71.89 73.10 30.46 26.85 33.28 75.32 -77.90 18.78 28.71 23.01 34.18 -93.72 -90.46 39.46 -3.03 -66.58 60.81 -12.08 21.93 -45.28 0.65 -56.02 67.66 -56.86 62.01 66.75 97.11
-52.97 -1.67 -22.57 81.94 95.33 -79.40 83.19 -34.52 33.65 92.45 -59.56 -81.41 -3.13 -90.21 11.00 -38.83 68.81 -37.13 -47.22 -58.76 26.12 -19.08 -9.54 19.51 73.93 55.10 83.31 66.11 -79.31 6.11 80.61 -82.89 7.26 -81.99 -53.83 72.66 73.03 30.15 80.74 -76.87 93.22 95.98 -39.57 -70.22 -16.84 -35.93 51.20 30.27 -98.29 71.80 -81.16 -95.99 -32.62 89.59 -18.57 -4.92 -21.78 38.37 -0.41 89.12 5.55 72.46 -85.98 -25.93 -14.48 87.59 60.79 58.20 -30.81 66.22 -81.84 -67.79 24.63 96.16 40.63 6.32 -2.75 99.52 57.79 5.17 45.39 -3.97 37.25 55.53 66.92 45.10 91.90 -33.42 -81.65 -75.92 -92.60 95.93 -32.49 -85.12 -25.66 -35.84 -42.16 14.50 63.32 76.70
-6.99 0.58 35.90 -11.41 -25.80 4.22 -99.59 -0.12 -57.60 -60.66 51.22 -10.86 4.65 9.78 -27.82 -85.79 55.11 85.03 -31.43 55.38 11.46 -14.61 -84.44 27.92 55.98 66.72 73.46 43.20 78.42 78.51 -14.27 -94.04 -0.68 12.64 28.10 82.89 -10.13 -69.29 4.09 -0.01 34.39 94.69 57.80 -67.78 -76.86 -61.56 85.51 -53.34 -44.10 -88.69 43.04 11.83 12.35 23.97 98.84 -31.02 27.40 -55.79 -28.25 95.37 -86.76 -97.23 14.41 37.65 68.45 -62.45 -75.85 -76.75 16.14 -80.34 7.89 -64.20 -46.96 -88.37 28.67 93.74 -26.81 68.54 47.67 -88.30 12.32 -74.62 -71.61 3.56 -83.63 -78.33 -66.80 24.22 61.12 -79.28 26.89 50.63 0.81 -68.05 -3.09 36.44 48.48 -22.04 85.36 97.48
-7.21 17.19 -97.77 54.17 99.01 11.97 -37.33 -38.72 -16.21 72.24 37.13 -86.92 38.28 55.48 -68.75 -58.17 -99.91 -85.46 55.92 -39.00 93.65 58.96 46.85 -40.79 10.95 -40.23 -72.17 -1.11 -3.82 -2.85 0.69 74.60 -92.47 56.22 -69.51 66.01 98.35 65.75 18.05 -23.23 20.56 -5.44 7.92 -73.70 -58.80 60.34 -73.22 -33.10 -67.40 -71.36 31.36 72.76 53.60 -71.62 3.25 9.38 11.29 -6.44 43.38 -58.28 75.94 -46.11 85.15 -55.44 -25.83 -78.96 -75.44 -26.57 -94.54 -50.39 59.77 -3.93 96.37 -74.80 90.73 13.91 -55.31 54.85 -29.04 -35.32 37.23 -23.61 52.76 -35.71 -17.85 -93.94 37.27 33.22 77.66 24.19 -40.38 -64.09 59.85 -58.99 44.26 95.13 -19.75 -14.65 54.35 44.99
25.76 -54.26 -29.66 -35.57 -93.90 46.54 59.70 78.79 -78.90 -85.61 41.08 -97.10 69.46 55.64 -74.51 24.36 98.14 87.08 -29.16 -63.08 32.29 60.27 10.88 -3.65 88.84 1.13 -77.43 30.61 -83.88 72.85 80.67 94.98 -25.62 -69.18 83.64 44.80 28.92 84.56 -60.17 1.81 -31.12 -47.90 -10.02 51.08 -36.13 92.27 -28.07 53.55 60.74 -29.90 -90.41 24.71 -98.45 32.85 -33.35 -73.39 -34.10 -20.47 -46.47 49.64 39.29 -97.62 94.96 80.51 2.65 17.96 -31.37 31.05 -80.20 95.18 -35.55 89.14 -75.66 -23.08 49.28 57.83 -12.27 97.57 38.32 85.96 55.52 38.44 -0.72 7.32 -51.62 28.05 -78.95 -16.72 70.17 -58.38 71.61 55.69 -60.59 -5.43 -70.14 80.77 4.58 17.26 48.27 -93.00
69.91 6.02 -27.56 82.08 -34.36 78.97 78.30 -23.95 -8.21 -73.73 50.27 -79.38 -66.97 52.54 -79.99 72.22 -2.82 69.16 -59.82 20.94 23.27 -0.44 15.13 -13.30 87.79 -88.55 -82.97 22.59 2.48 34.53 12.66 92.94 92.66 -45.13 -95.38 -3.31 -55.11 92.92 -40.19 -67.76 -13.36 -12.36 80.02 -93.38 -58.60 37.25 -49.73 41.60 30.15 39.65 -6.41 -27.96 -52.42 63.39 81.20 51.85 12.57 -35.30 -95.39 -24.44 54.37 -53.52 89.14 58.38 -21.81 -37.19 -40.96 -75.87 67.34 41.94 94.31 -88.82 7.20 50.98 31.06 -7.81 41.55 -12.12 58.33 -85.94 56.87 -84.71 87.56 -46.64 -75.00 82.82 96.49 -26.10 85.64 4.55 -47.00 -41.43 -36.97 93.02 -7.83 21.54 -91.28 -61.91 -84.78 -23.39
58.54 30.07 -52.51 -0.19 -82.26 80.71 -21.00 -97.70 52.79 -47.56 69.55 53.33 -26.95 42.87 -42.05 -28.97 63.35 12.45 24.13 11.13 -8.32 -95.88 24.44 32.51 24.44 96.25 97.10 -1.35 -12.15 -38.65 38.63 -26.30 -1.16 -12.01 -95.71 -32.09 -21.47 99.98 33.13 55.27 -23.08 -50.88 47.90 9.45 71.45 -97.93 -23.98 41.21 -21.88 -88.42 -45.01 -43.02 5.08 -32.21 17.21 91.34 3.30 48.75 -87.73 60.24 -63.80 -10.99 15.79 46.81 -26.56 -46.85 -98.01 93.80 57.15 -31.09 38.96 72.93 -97.65 40.23 -91.94 -37.28 81.37 -11.42 -0.26 98.25 64.27 -82.21 -42.86 -27.91 55.97 79.19 18.07 -58.74 33.30 60.63 -48.41 98.57 -2.04 -49.20 -28.68 79.37 8.45 -90.58 2.45 -27.25
-19.01 -45.35 6.24 32.18 -42.40 -42.19 -43.39 -83.10 62.66 -60.30 -36.14 91.89 13.58 -93.65 -9.36 -5.91 39.99 71.38 28.25 18.47 47.08 72.67 5.17 44.78 -49.88 46.75 -32.16 92.48 -49.05 56.46 -63.22 22.67 -71.64 94.52 40.33 91.35 25.28 -75.37 22.08 33.25 -69.52 -13.10 41.08 95.56 -80.60 16.85 -63.75 -89.51 14.62 6.62 -88.39 -72.42 -2.21 -25.46 32.76 32.49 90.73 -91.25 27.11 75.77 94.32 73.55 -87.06 62.65 61.51 -93.54 80.88 97.73 -52.29 25.98 8.79 -93.34 76.64 99.34 63.28 -4.35 -48.54 34.10 -1.84 -55.80 4.09 3.65 56.92 36.14 -37.56 -13.52 -18.22 81.08 -28.98 9.98 2.78 80.76 52.75 -85.83 -44.19 93.04 21.09 92.07 56.50 -30.92
-19.75 25.11 -53.13 3.32 8.19 -95.48 58.85 89.63 -61.81 -3.26 -68.84 -28.53 -77.73 -11.63 -17.35 -79.41 1.55 35.49 48.20 -82.41 -93.74 -30.17 -32.95 71.75 -97.81 28.65 -80.26 -24.72 -3.39 28.18 45.21 -0.20 76.46 43.90 -86.91 96.30 -73.55 50.76 68.84 54.58 -49.42 21.12 56.86 -25.27 3.40 42.93 -16.59 60.39 -63.91 -98.67 -30.03 87.28 78.02 16.62 31.01 -61.80 74.55 -67.90 -93.71 -99.49 48.27 68.99 -85.96 79.54 -10.09 -62.03 -80.38 -57.64 67.16 -74.52 -2.32 -49.02 17.32 27.78 -11.93 46.30 20.79 -7.84 54.90 77.59 -43.78 83.57 99.75 -83.01 -27.88 83.84 -61.57 59.37 22.99 -86.73 8.30 -70.75 52.68 43.28 73.83 91.37 41.53 -11.81 79.74 -5.61
-92.34 -83.44 -96.16 7.82 0.55 -28.91 -34.11 34.45 3.91 -44.58 -84.61 -39.46 -72.18 -96.32 -68.23 78.86 68.25 31.58 -41.45 85.05 98.46 21.28 18.38 -14.85 61.74 -28.45 28.36 -11.36 14.13 -79.87 -39.36 -4.87 -43.82 35.16 -49.30 -40.82 19.95 -4.34 -2.31 90.66 5.93 88.40 17.31 -3.66 92.30 -57.36 -53.93 -35.89 10.40 -94.12 -22.86 13.64 12.96 31.88 49.91 34.19 -34.42 40.49 55.45 20.54 -76.89 32.15 -92.94 97.58 17.42 -93.85 70.11 -59.99 51.87 80.96 45.17 -33.99 -44.00 -55.03 -56.96 -4.10 -27.15 72.92 -20.49 66.68 16.44 -84.34 -34.89 62.22 32.88 -36.91 35.80 -78.44 67.34 5.76 23.45 6.44 -41.44 -68.49 -57.76 31.24 35.37 55.11 -71.51 29.80
-97.18 1.42 -0.76 43.19 46.67 -55.06 28.35 38.51 69.50 81.12 36.78 18.01 -56.80 32.92 -26.64 37.87 21.63 52.80 55.41 32.66 13.85 -11.02 56.93 -31.39 -21.46 -37.80 -48.26 50.87 -70.16 28.34 -84.47 35.25 -23.30 -62.44 -40.09 -40.08 8.84 60.87 96.35 33.58 33.68 97.77 -18.12 62.07 -39.02 -60.04 -7.35 -65.54 -75.44 -50.25 7.16 84.96 -29.79 37.84 21.83 61.54 12.71 25.38 4.46 -12.20 -74.14 -12.59 90.29 -27.44 52.33 -79.26 -99.04 58.41 90.43 -79.57 64.02 -91.50 -92.87 -75.58 -5.81 -40.75 7.61 -77.03 47.27 -82.15 -17.27 98.15 -45.13 51.88 -60.54 -86.13 -76.93 86.35 -12.04 73.09 85.31 81.27 39.00 -84.83 24.27 -35.85 14.17 71.38 71.29 79.16
-48.73 14.78 31.83 97.03 89.97 62.05 -27.59 -52.76 -97.02 -57.45 7.59 -86.16 62.85 -14.13 -92.99 54.70 -17.13 14.39 73.17 -29.32 -80.50 -0.22 -93.86 42.69 92.78 83.41 73.87 -88.07 21.07 35.09 -40.83 90.15 23.17 -2.11 21.25 24.55 72.41 4.69 18.40 -48.53 -7.06 6.34 -53.80 -21.61 -88.91 -18.93 -68.74 16.33 8.84 1.69 -22.84 -13.62 60.09 -82.97 63.88 -80.97 -3.61 58.35 10.22 -60.06 -16.24 -65.95 39.22 69.92 -56.96 10.23 40.57 45.37 -41.97 24.99 52.38 -23.95 -74.17 -74.73 -37.58 90.76 58.58 -63.58 -22.10 18.64 15.39 81.55 60.35 -23.55 -99.38 -40.57 -45.53 -3.70 83.51 -62.22 -25.06 1.48 -79.03 -59.78 -76.23 -79.32 -6.60 -51.25 8.98 62.03
-31.59 93.23 -82.94 33.61 -94.78 57.25 -6.79 46.25 -23.58 -1.71 -54.38 73.08 59.73 23.50 -96.94 60.97 -19.32 -73.72 47.25 -70.76 52.98 10.67 71.58 11.57 -17.48 98.41 25.48 -71.60 -83.66 25.51 22.43 94.61 -79.48 -29.01 9.25 12.29 21.17 -37.49 78.15 -52.56 -74.13 -33.01 -95.73 -79.45 44.96 30.51 -62.37 46.82 -11.53 9.19 63.49 48.56 14.20 62.16 87.69 -0.32 -32.44 82.80 -55.97 -76.66 -92.01 73.24 -45.11 -26.64 -94.12 -98.34 -96.94 -91.31 -61.82 -59.55 -21.33 66.06 85.71 -16.21 30.12 -14.61 21.99 61.06 98.58 -98.21 -68.26 4.13 -39.04 12.13 -29.73 -80.35 7.16 52.60 -47.97 -26.82 37.20 8.21 -37.98 87.61 13.56 45.66 -70.36 66.10 -43.16 -56.73
55.69 -8.88 52.73 86.69 56.87 74.34 -45.83 8.02 27.84 15.22 -50.17 -0.65 40.65 -95.05 -38.23 78.33 24.85 -52.77 -5.31 -40.34 -59.73 -38.49 84.90 -68.98 -91.24 96.65 -62.27 80.11 -26.80 64.68 -95.96 -71.66 55.78 -14.90 -97.01 -98.36 -30.03 46.44 88.91 47.15 10.77 27.59 0.23 -83.34 -96.56 -66.08 98.75 84.56 -76.44 -31.49 29.19 -18.57 75.64 -78.54 94.83 -91.88 -52.27 9.89 54.10 98.10 0.75 -66.31 45.49 71.81 -14.19 63.05 -64.61 2.34 10.41 -9.46 -98.97 -62.74 51.57 -70.65 57.72 -50.28 -51.86 31.05 -66.16 -26.77 20.09 -99.93 -46.98 -50.91 84.04 -65.36 -43.62 -20.87 -26.99 -25.89 -11.38 -31.89 -87.04 -17.58 3.54 64.36 8.72 63.40 -97.43 14.85
-62.37 30.13 -90.80 -75.73 -98.20 -34.78 52.35 3.67 -35.90 -73.19 50.22 33.57 8.06 -69.94 -70.96 96.03 -95.35 -90.71 43.34 69.21 -94.91 43.73 20.18 77.53 -5.31 -85.00 31.56 65.50 -44.65 -83.71 37.80 91.95 97.53 -12.71 -57.03 -7.74 8.62 -70.18 99.71 -91.42 -48.74 19.97 89.32 -7.80 -65.74 70.10 -98.32 6.28 -13.42 22.14 63.31 -58.25 66.17 -20.49 -16.80 47.89 -70.91 66.72 -42.66 -62.80 -6.71 -99.20 -98.00 60.80 -75.80 70.09 4.32 -23.86 -26.27 -25.89 -2.50 2.94 -52.87 49.39 -61.13 -6.69 57.66 61.08 -31.81 20.39 -17.24 -59.19 1.39 77.27 -96.96 18.08 -35.33 -90.88 -89.24 50.92 -72.53 51.59 -88.61 20.94 57.31 8.91 13.27 25.71 -55.46 -90.86
-70.77 56.51 -36.48 -40.40 85.72 -41.26 31.70 76.23 21.59 -16.94 -25.19 -89.58 -55.63 -56.48 -91.92 91.79 26.69 -32.76 40.08 51.51 -21.99 -71.06 38.83 -74.68 3.38 71.40 -7.51 61.49 -3.03 -71.78 -70.36 38.84 -95.55 1.71 -72.87 -4.00 44.05 25.30 2.37 97.14 -71.86 -20.69 74.94 -65.34 -0.29 -77.46 79.10 -54.59 44.13 63.70 -98.73 -45.89 42.02 31.62 -32.92 -5.42 -78.69 -42.23 75.89 -49.67 -0.78 -86.49 63.97 25.66 32.59 62.38 -32.95 96.66 11.21 -9.22 85.67 14.57 32.53 -35.34 98.70 -7.27 23.73 -45.10 -9.02 53.28 -4.46 -99.07 53.96 0.33 -56.51 -90.81 -89.06 34.80 -39.20 34.93 -17.69 -61.03 1.47 29.69 -62.89 25.69 81.01 0.60 -97.46 58.10
-46.43 -12.10 57.64 70.02 -24.53 18.40 -0.04 -41.40 46.79 -33.10 52.64 18.27 30.02 63.18 -30.50 -11.31 -34.70 70.49 -78.69 -70.28 -32.88 -83.84 16.07 -36.06 -76.02 93.72 90.71 -52.70 64.74 91.15 -51.85 -82.60 40.44 -55.54 -42.05 -68.64 11.19 -36.38 -2.71 23.52 -24.63 54.69 -36.19 22.61 73.82 67.07 -62.08 9.69 -29.95 92.12 78.58 -31.13 78.04 79.95 78.44 -86.20 48.23 95.89 79.56 75.49 53.95 69.17 -42.39 -67.88 22.01 49.00 30.20 -89.32 79.13 -17.72 -3.40 31.00 74.81 72.35 24.56 98.99 84.67 -54.42 99.56 -34.42 2.59 2.97 -2.97 -94.81 57.44 36.69 -20.67 16.90 10.80 78.04 -64.20 56.23 9.27 86.67 -59.51 5.08 74.99 34.44 -24.77 26.38
-91.83 46.79 -68.18 76.57 -92.69 -73.92 -79.93 -64.11 -0.55 69.98 39.44 -77.98 94.41 -16.09 -66.03 69.19 -19.97 17.52 -83.84 -84.04 96.19 64.01 -82.90 17.77 36.89 86.19 -87.69 56.78 25.22 -47.53 -10.54 -89.18 -96.92 47.54 14.81 58.62 64.74 62.86 -61.81 -25.02 42.09 -49.56 -48.37 -32.86 -20.93 -19.49 52.11 12.08 60.20 -8.32 95.77 87.77 70.78 -7.39 41.01 -26.89 0.91 -13.75 59.12 -84.48 -54.16 -83.79 -26.85 -0.53 -68.65 -75.24 -89.70 -10.79 -40.11 56.54 -11.22 11.79 -17.52 6.69 -19.84 -11.20 28.73 54.88 -88.09 44.44 -20.96 76.95 7.93 96.47 8.32 6.55 -27.57 -27.14 -42.91 91.77 -16.73 86.78 27.38 60.64 -52.44 -47.76 91.31 46.91 -69.85 59.48
24.33 -39.53 68.88 64.95 -41.36 -81.03 79.82 92.46 33.89 -51.94 78.30 22.67 -67.12 -46.29 -96.69 41.25 74.73 -12.39 42.72 84.41 -88.65 34.32 8.94 -48.64 -50.37 48.96 7.26 99.84 -52.95 82.42 30.83 -23.44 -81.04 -63.56 31.88 71.30 66.52 17.52 87.30 -18.63 -62.47 -42.36 -48.18 -64.12 -84.57 84.61 -88.11 47.59 -63.88 83.67 -4.12 -59.56 81.35 23.78 7.02 50.38 -17.02 77.69 -50.52 -2.07 23.85 -53.83 -33.89 57.34 59.26 66.07 -5.01 66.33 -3.99 -97.67 -6.50 -23.67 29.16 -86.78 81.41 -39.74 -85.91 -57.41 -62.16 -98.10 73.91 -23.48 58.27 -94.62 -15.47 -62.97 8.77 40.16 -94.15 -17.89 -42.87 -28.75 -13.18 61.45 16.37 -34.21 71.59 52.84 55.52 64.71
-5.77 -41.09 -70.29 95.17 -65.74 -78.06 32.73 -17.26 -93.58 -17.88 -42.90 -38.06 -38.80 7.33 -65.64 83.36 -89.22 95.79 35.81 -8.43 8.79 47.79 45.71 2.68 77.30 -7.31 -3.17 -96.44 11.33 53.45 -95.56 -85.86 29.64 -95.13 90.61 -26.77 -62.01 -95.41 -46.15 -87.83 -26.51 -94.55 -91.13 -57.04 -33.39 77.43 33.54 -67.57 1.43 -61.14 15.38 -79.43 90.38 -50.08 92.01 -60.14 78.28 39.01 -9.84 48.66 -68.70 -53.54 -98.70 7.27 -91.04 12.92 -15.95 -30.62 18.63 51.97 -2.43 -95.85 55.58 -53.06 -21.59 30.86 29.66 -13.25 -60.86 45.91 -19.78 1.94 29.78 30.81 -88.99 39.49 -13.27 -32.11 4.74 33.58 -28.16 98.40 23.20 -16.76 -23.93 -57.84 59.39 9.07 9.68 30.03
-53.66 -88.10 -58.47 -41.62 -47.95 41.03 48.98 -22.31 85.23 -35.76 -59.11 69.93 -80.64 -27.14 -9.88 93.09 -65.56 54.34 46.64 -89.76 -55.65 2.04 -78.98 -68.05 48.49 83.32 -79.66 9.42 86.86 -44.44 -37.08 -95.25 -41.33 -47.53 -8.64 -69.73 -54.44 64.30 61.71 -96.87 -43.41 62.28 -49.79 87.15 -20.24 38.71 40.24 60.44 -81.24 -50.26 22.75 19.48 40.60 85.32 -77.94 -96.39 5.14 0.53 -79.58 -80.83 18.57 -11.10 44.48 55.28 -53.03 63.37 -92.09 28.89 -27.51 -64.50 -51.23 19.63 -26.26 -98.41 -99.38 4.30 -41.79 -48.95 62.84 98.63 -48.45 -24.38 -16.25 10.78 -73.85 77.85 -83.74 41.30 85.43 -60.80 -10.42 35.05 55.25 -27.03 67.60 4.05 25.83 23.29 -14.57 19.74
-39.27 49.48 24.46 -44.04 -26.42 40.25 -35.87 7.01 52.34 -69.00 -45.46 68.01 65.51 -35.26 -64.27 -16.59 -86.28 -0.04 55.61 -56.24 69.31 40.34 54.06 -52.28 -6.52 -42.85 -4.35 -55.23 -53.70 -19.94 79.66 22.43 -38.44 -10.95 34.98 -56.97 -84.77 -79.62 -50.80 53.71 45.82 20.62 -35.32 -71.08 -55.53 -80.24 -93.84 -65.85 -69.96 -31.08 70.86 11.21 -82.96 38.81 -68.77 41.95 -90.14 -10.76 -15.37 -38.66 63.90 17.65 99.62 -40.90 30.79 -64.39 10.75 18.79 -80.34 18.23 -46.75 91.68 -69.06 98.97 -55.04 -45.88 -13.00 -67.52 32.23 82.10 -63.07 -7.04 67.53 60.02 62.61 11.77 41.93 -48.23 83.47 -80.21 -26.01 -83.76 -18.88 -42.86 5.54 80.01 79.61 -29.01 35.24 27.77
48.04 45.59 -66.03 -72.74 -97.70 55.85 74.13 -65.60 57.14 -10.84 -10.56 30.09 29.85 -84.25 -12.85 19.97 -40.23 41.49 56.27 -65.33 -35.37 45.62 73.08 18.76 10.66 17.06 -47.02 96.55 49.12 91.11 -68.66 -25.64 23.43 -5.79 -81.22 39.52 -50.76 8.42 99.21 1.84 44.73 -49.82 -98.19 85.80 -71.65 -7.80 70.89 -9.28 -78.53 13.00 16.36 -5.00 98.03 -1.20 20.63 -79.80 -87.38 27.00 -76.19 25.02 72.33 17.93 -13.57 48.65 53.73 69.78 28.05 2.31 67.60 -91.36 80.74 -48.67 -96.14 -20.34 31.60 67.58 42.31 -34.37 -59.21 -88.52 -59.10 -55.17 -65.36 -31.75 -81.44 -97.37 -66.05 52.59 68.95 -49.29 -97.83 -91.66 -50.73 -50.95 9.92 44.34 -57.18 30.75 23.60 -13.20
-10.88 43.53 -99.95 76.43 -16.49 55.67 14.06 12.60 71.33 55.66 27.22 9.00 67.05 -81.22 79.35 47.71 -21.49 28.48 -96.08 -35.18 63.71 -98.24 -94.17 2.64 -84.43 -45.25 -67.13 -58.94 -81.94 58.52 -81.62 3.07 -40.85 85.90 15.24 -70.01 76.05 -95.62 -37.82 3.72 -57.37 -49.71 5.72 -43.98 90.15 41.83 97.69 8.34 -85.56 -13.07 -16.35 60.07 -13.06 74.77 -20.22 4.56 60.12 85.06 99.60 48.08 -36.17 -57.01 47.07 -94.51 -53.54 93.08 14.71 -55.87 -45.75 -12.74 12.37 78.30 -33.96 -63.86 -82.72 58.15 -13.74 25.68 3.35 -45.72 -78.97 -33.04 -36.08 56.36 10.08 49.11 53.52 -4.85 78.70 -3.99 -88.61 -8.86 43.56 49.37 24.92 -22.94 12.32 30.81 -76.61 9.17
16.88 -34.32 83.62 94.17 35.87 49.71 -11.33 -40.20 -55.64 -34.45 87.10 74.11 -78.30 -82.64 39.06 95.04 -98.49 -12.24 -49.88 89.46 -74.67 -90.63 -20.79 -29.05 -76.69 -19.01 -22.64 18.90 75.22 35.96 58.64 -55.68 -31.15 47.24 -30.37 -49.50 15.88 98.17 -80.15 28.97 43.32 -88.72 12.52 7.86 -73.41 10.86 56.28 -20.99 44.02 94.06 87.64 73.69 29.42 -2.65 98.67 72.34 52.47 -25.15 -94.54 48.61 -2.26 54.30 -12.72 -75.82 69.58 87.91 -94.23 45.61 93.56 67.26 -14.63 -97.60 67.17 -72.78 -63.69 -4.09 -83.19 -50.40 -55.49 45.62 -73.45 29.41 23.44 -90.66 -16.60 -56.32 48.19 -75.52 23.95 -12.10 -24.94 77.34 -17.03 23.57 42.20 -75.47 22.19 -18.57 6.20 -25.66
48.21 -83.03 91.41 81.17 20.45 35.66 87.16 -58.08 54.20 20.79 -34.08 -31.33 55.57 -93.49 0.79 57.69 -6.90 3.13 -73.55 3.45 -25.76 -13.51 60.58 44.70 42.53 35.37 -35.48 87.36 9.29 56.96 20.59 -23.16 91.87 12.44 -41.11 -55.92 70.05 77.19 -94.50 -28.41 -20.85 68.37 -92.83 49.93 -8.00 85.66 73.28 -50.87 -20.00 -32.67 41.35 -82.61 -86.64 -31.83 -70.48 -53.93 -78.50 -17.45 93.91 -58.24 -71.86 12.84 64.65 4.09 -39.23 8.86 -52.83 -36.53 84.69 86.71 -52.75 -61.59 82.24 -45.84 10.26 76.61 -66.04 70.75 4.04 -10.89 -57.17 90.85 -40.15 -63.96 -54.50 -68.36 -48.24 -6.95 16.63 20.39 24.79 -32.61 -97.14 -23.52 -18.26 74.31 -33.03 62.26 97.43 -97.10
80.10 -34.47 -17.91 -27.97 46.41 -97.59 -47.44 85.77 83.84 -79.69 -76.14 14.25 -99.95 56.71 -37.71 -68.80 81.33 74.25 27.43 -85.83 11.99 48.06 73.25 -45.50 -21.39 12.35 65.73 9.87 -34.27 -44.12 -67.41 90.95 -40.13 -45.89 -47.28 27.24 -64.50 82.25 -86.27 -97.83 54.56 3.04 -29.95 -7.17 68.21 -27.96 -38.55 18.61 14.73 95.89 -0.72 -1.44 -37.49 86.38 63.78 34.85 89.23 69.11 14.02 70.41 15.46 31.48 31.73 20.64 42.45 68.06 37.07 58.17 29.39 16.49 -73.75 -4.93 -81.09 71.01 -12.16 -94.15 -36.52 94.20 10.53 91.15 27.18 63.45 -68.90 69.19 -26.48 -31.82 -12.89 -76.54 97.64 -33.98 -36.93 -8.32 -98.18 -30.73 -94.14 67.49 -64.13 21.52 -57.07 -68.25
-0.38 -74.69 -27.16 -48.73 -85.25 -40.10 -35.56 -54.01 -49.82 -69.64 -7.07 10.62 -77.92 -20.05 -91.28 96.24 51.48 -30.45 -15.78 -95.04 -82.92 -0.77 -38.56 29.54 -75.76 63.46 23.34 30.67 14.17 -66.32 87.49 -47.22 -0.12 95.79 -55.02 1.51 -82.32 72.95 3.08 12.54 -3.22 9.34 94.66 -59.64 -69.17 62.57 -30.93 70.57 12.26 86.49 79.76 50.59 87.73 9.14 -50.21 -28.10 75.50 -29.20 88.01 -45.12 -73.65 73.31 74.05 45.66 50.60 -87.49 35.72 92.94 -76.88 -69.14 -95.97 26.83 -90.52 -82.56 47.50 -80.67 71.23 -74.81 90.49 47.40 -98.86 -16.31 55.00 5.43 -79.77 -69.77 -67.35 51.94 95.35 -0.30 48.48 8.24 2.95 80.63 -77.74 52.18 78.60 33.89 -4.41 40.17
24.78 -20.39 78.88 52.50 -18.47 -74.51 46.86 -1.73 65.55 -16.78 35.68 -61.55 -28.54 76.61 -28.69 53.30 -77.10 -31.91 -4.95 -84.10 -59.15 -83.80 69.06 -96.37 91.02 12.98 4.72 50.42 -15.15 74.19 -44.77 -93.97 36.51 33.22 -93.28 98.64 54.40 -19.21 -27.32 79.06 -55.55 1.87 -67.29 81.33 -41.62 78.38 -84.46 -86.20 -75.58 -51.42 -52.42 35.43 66.14 -37.86 -60.39 -84.08 39.35 63.10 2.30 72.41 53.24 78.52 57.34 -73.57 -10.49 -79.19 -42.26 48.04 -97.18 -40.81 2.48 -99.43 -59.04 8.03 -57.09 -85.71 12.43 -76.21 12.75 -32.18 11.46 -89.78 -21.34 17.17 -72.73 -16.21 -70.67 54.52 -48.67 94.63 -55.26 2.53 -9.80 96.60 -55.81 3.99 -97.83 -69.51 39.40 -7.92
-13.37 -3.69 -49.83 -97.68 70.31 -24.04 87.09 -90.82 27.31 -16.99 -76.30 34.34 -23.79 -38.38 24.35 19.16 -52.63 -80.44 64.08 38.97 -93.70 80.76 -21.31 -18.37 62.90 -34.77 18.49 68.58 -98.50 76.11 -24.48 -17.74 60.48 30.47 -73.19 -75.07 -15.79 -68.00 85.25 -90.74 -65.64 61.15 47.47 32.00 93.23 80.55 -55.16 -43.54 -98.37 -78.93 -74.86 -69.36 98.18 8.41 -10.45 73.79 -48.57 -65.15 -70.89 13.18 -43.58 -3.16 92.11 57.17 85.47 88.25 68.20 71.45 62.16 -34.65 24.18 45.03 4.04 -3.54 -7.22 26.13 -36.51 -89.19 -36.02 19.13 -76.83 -50.73 -65.06 -26.28 -38.32 -45.05 72.57 -83.29 -11.47 15.21 83.51 0.10 -87.05 74.50 90.44 91.23 33.07 -12.30 67.24 -17.39
-9.14 -27.43 11.91 95.26 16.78 48.19 7.25 -90.69 -31.80 59.93 -26.18 2.68 83.45 40.42 -64.75 -25.62 -40.62 19.27 58.78 -17.22 3.55 -27.54 -91.15 74.61 91.69 -65.38 -55.45 -26.32 -1.94 86.13 -41.50 16.08 71.46 75.54 84.78 -87.63 81.29 -53.94 15.57 -8.88 8.59 -91.10 -77.19 10.16 -30.98 90.46 -75.96 20.28 -4.03 -20.60 -63.11 54.94 -11.42 96.54 -41.67 65.34 97.56 85.10 -11.93 85.04 -63.10 68.48 -63.69 12.94 52.95 -68.43 24.65 -45.70 -39.56 33.64 87.59 -62.55 -50.69 70.25 58.38 -63.31 25.34 -29.63 84.05 -94.89 25.48 -87.57 38.74 -67.10 70.07 -88.87 22.33 -43.08 83.02 22.20 -57.79 -64.20 -12.66 -82.42 -66.62 -89.24 63.98 60.65 28.75 70.67
-14.30 -8.24 40.80 -32.98 81.45 69.95 73.24 1.47 67.35 -9.73 8.23 -11.89 8.93 4.28 -52.70 74.98 52.03 -92.32 -86.85 -66.69 -40.25 63.69 -11.24 51.52 -58.77 -68.63 -0.21 -2.11 73.41 -62.20 -54.24 49.90 9.01 33.74 23.03 83.93 69.47 -90.04 -84.65 65.61 71.86 74.76 -67.65 -15.41 -23.33 -21.73 69.14 97.40 -22.15 -53.68 97.39 83.58 -68.63 97.53 -47.17 -66.20 -67.31 -95.89 -89.97 27.98 78.00 -78.65 5.37 70.49 61.30 -36.47 -41.87 -68.02 -80.49 25.75 -80.66 -97.61 49.25 54.21 -80.14 -68.07 33.98 -15.91 56.50 -90.00 43.30 -51.24 -6.22 -37.51 -91.06 39.17 -18.12 -45.85 96.38 96.59 85.26 73.92 -80.11 34.69 38.07 2.06 -88.33 -24.76 25.11 0.97
-56.17 19.40 -92.78 -29.84 30.91 18.19 -91.36 -94.41 38.89 -57.81 19.07 -88.71 34.98 -20.35 -67.89 33.35 -49.68 -2.34 -66.41 82.53 31.33 56.45 -64.11 37.33 -81.62 22.34 -17.92 60.94 -6.48 55.11 -84.07 74.01 50.37 56.15 -91.08 23.82 28.17 -18.39 96.50 -44.17 97.86 -55.66 -48.02 8.52 9.26 86.28 -82.02 55.53 -63.89 38.59 30.05 -92.56 14.21 -44.91 -90.04 7.93 69.11 5.03 83.78 72.01 -99.09 -26.43 -99.22 84.51 52.57 18.17 69.73 52.47 86.07 -91.21 -35.48 -14.16 -79.07 -64.50 -0.57 71.93 -79.36 87.19 19.41 61.33 49.88 -65.51 -7.41 -50.78 -61.21 30.51 -6.10 -32.35 -10.82 19.17 66.78 79.76 60.29 -27.39 32.16 61.99 67.31 -33.48 33.41 78.75
51.18 8.88 76.22 -98.19 24.67 17.46 81.91 -86.47 -13.56 82.88 74.19 -9.12 -23.53 14.58 53.30 1.34 85.29 49.31 -58.48 72.94 -4.34 50.35 42.30 -76.72 69.21 -36.18 65.05 -83.58 53.59 -99.65 -6.85 55.62 72.54 15.90 7.09 22.85 1.74 -31.47 53.81 12.05 -28.18 53.93 42.82 -89.24 -98.05 -12.75 49.89 -8.20 19.69 -12.99 -63.62 51.97 27.19 -43.96 -56.26 92.27 -49.62 69.26 -65.97 -57.44 26.78 79.41 -63.25 -78.43 76.12 47.12 44.04 -0.19 61.42 62.96 47.59 26.02 -34.41 59.86 43.16 -43.23 -74.03 29.41 10.03 -13.59 9.84 39.00 -24.75 -77.98 -61.39 61.38 25.13 -24.62 17.72 -42.11 39.60 -99.47 -92.02 68.88 63.01 36.97 64.91 -73.90 79.32 -49.24
-7.14 -0.71 89.28 -96.48 -38.19 53.45 -3.88 -11.57 67.39 98.81 61.01 38.53 -25.54 10.93 14.11 48.30 -62.52 -2.60 94.20 99.85 -33.84 36.32 37.74 -97.46 31.01 -97.57 -5.05 8.15 -67.24 63.66 -85.16 14.73 76.16 -95.20 -24.54 -11.79 -81.95 18.72 8.45 -26.06 -89.84 35.38 31.14 -98.16 40.34 77.08 -49.82 39.61 33.31 -6.73 -4.78 -5.66 59.04 28.55 34.00 23.02 8.03 47.35 78.39 -79.19 -95.01 -55.56 -4.07 71.22 59.92 -64.37 -8.66 -69.46 2.87 50.00 18.72 53.53 -47.01 49.45 -70.56 -75.62 -19.62 -26.28 -62.96 25.11 27.48 93.19 59.09 -12.26 -49.69 50.83 95.47 6.36 -81.21 -58.45 -61.01 -71.65 -79.44 38.96 10.25 14.00 62.46 25.31 -15.25 -55.15
89.78 -74.93 27.28 64.81 82.29 -73.57 -71.13 -25.44 -95.59 -81.37 29.28 -61.69 -8.05 18.13 86.74 66.30 79.81 64.49 -11.05 84.67 -35.19 -75.44 92.05 80.82 -19.19 -71.72 56.07 -97.75 7.74 56.31 45.04 7.33 99.98 26.29 -4.42 19.49 58.96 1.18 34.68 -6.12 94.49 24.72 11.68 54.47 25.94 63.64 85.85 -27.58 -34.97 -42.09 -0.74 73.40 -39.71 -60.19 25.54 80.94 69.61 29.71 -44.85 -21.10 42.98 -81.97 91.50 -45.96 -40.88 24.48 -90.94 45.56 42.95 79.76 -48.48 92.34 -35.17 -16.47 20.90 -87.88 -6.58 75.65 65.53 -39.78 -76.50 23.02 -60.67 -78.70 92.30 -97.74 -74.46 8.93 -18.79 -63.06 76.57 -56.53 16.47 58.67 -54.03 12.81 55.13 15.54 -40.12 -38.35
-8.09 -69.06 98.05 -54.48 -44.48 58.22 10.74 4.60 -93.81 18.85 99.76 -60.67 24.98 48.66 -86.83 -51.86 89.68 83.36 -96.63 -68.54 -19.03 -89.56 94.83 10.52 23.91 -51.86 -69.01 14.62 -60.17 -48.30 13.59 -22.94 -14.11 -34.51 -20.49 -91.79 86.14 -6.24 58.81 21.71 -13.21 -87.63 -85.10 32.51 54.68 -90.47 47.67 -95.12 16.57 27.67 43.20 53.36 28.83 -93.73 -2.15 70.95 -56.53 5.34 76.72 57.50 -49.83 82.94 -86.43 -81.26 -91.85 8.55 22.67 -72.57 -6.19 47.66 70.24 -85.39 92.27 -60.52 -30.65 25.90 88.87 -91.59 4.45 -49.65 -29.74 72.03 -35.08 -71.48 5.69 -64.37 14.14 -63.23 -72.82 21.01 -65.87 -30.77 -37.25 -66.28 -27.78 -97.61 -2.47 -15.62 71.49 -49.80
-34.32 -61.17 5.96 64.21 -12.49 75.12 -51.51 -97.22 67.02 98.67 63.70 -47.80 78.27 -10.88 -36.89 -34.05 -41.61 68.71 -94.23 34.33 -88.82 -79.77 -89.28 15.01 41.56 39.83 -62.94 -27.11 6.21 17.30 73.17 42.12 -10.15 63.53 -32.79 -97.65 -37.03 16.53 -27.59 -34.20 30.73 27.02 94.52 -76.01 85.34 81.41 -67.08 50.89 49.74 51.32 -49.99 -33.31 83.95 -22.57 -18.88 13.34 -74.82 86.74 31.17 25.00 -80.20 -41.45 75.61 98.82 62.09 -28.23 60.44 -2.01 77.46 -17.51 42.39 21.19 75.53 -17.11 73.54 14.68 41.28 -10.45 -31.05 33.75 -29.64 -17.17 -72.71 -58.61 -54.32 10.01 84.58 -74.60 11.45 41.47 -83.54 98.94 -38.82 -25.30 73.04 28.95 28.96 78.18 -52.68 54.04
-95.09 86.06 -88.77 -95.99 -73.81 -54.85 53.93 70.50 10.07 -24.98 57.26 -7.56 83.74 -47.46 -4.96 -8.70 5.80 45.45 -74.90 82.44 30.62 -34.59 64.55 3.98 -34.34 99.75 -29.95 83.35 26.63 -47.48 -30.03 32.78 -22.43 -35.23 -94.02 -25.27 31.51 -59.05 -43.38 -86.00 -15.65 90.44 70.63 -35.66 91.42 86.97 26.20 79.31 21.18 19.72 83.30 -61.38 72.33 -3.06 -45.44 73.86 95.39 69.89 -28.05 -62.86 -3.05 31.98 -65.52 -80.67 82.38 43.52 3.37 -89.66 -83.62 19.93 30.31 69.79 -73.07 -43.81 -57.73 48.96 -36.39 26.28 37.80 37.37 94.73 -53.17 65.22 -6.19 84.22 82.65 -65.99 81.88 -11.37 -62.06 66.69 -12.53 51.80 -43.24 37.93 -93.46 -58.57 6.43 39.22 -97.98
96.70 -29.46 -0.24 -47.73 -57.67 77.19 -87.09 -63.13 -59.10 -82.88 -23.59 -68.35 11.69 94.76 -78.39 16.82 -87.15 19.22 75.11 21.19 95.64 89.71 -69.60 -57.91 91.11 -76.97 -57.49 98.76 29.54 96.80 53.99 -62.03 -47.97 -91.68 -71.40 77.02 19.83 -55.49 -37.65 -0.56 -31.73 57.75 69.39 40.91 25.96 -56.12 -68.69 -83.13 -32.23 11.52 82.83 63.57 56.58 73.12 30.73 -61.66 54.93 -36.24 -93.19 90.25 -16.37 -2.67 -18.56 50.77 -57.37 49.95 -60.36 28.68 -57.39 15.58 44.77 -94.78 57.08 -20.18 -78.92 45.88 73.51 -35.48 -11.02 72.15 -18.64 54.90 59.62 -62.46 -96.54 -43.33 -34.64 -4.74 10.65 69.28 64.91 -46.57 83.55 -41.58 -36.03 0.20 -3.66 -66.85 98.81 -65.60
-64.44 30.32 14.84 -10.57 -9.05 57.70 17.29 82.47 -79.49 -60.96 51.97 -92.39 56.01 67.82 93.12 -62.45 52.32 22.00 63.11 -76.71 72.75 29.35 -18.30 -24.20 -56.43 2.31 -76.49 41.04 -2.80 -40.95 93.12 -50.05 48.00 -3.42 14.83 53.97 -85.54 -48.93 -14.27 -17.52 97.88 -39.40 -99.87 34.53 -41.44 -10.85 -69.18 -33.56 -76.81 -18.99 73.74 80.72 -90.52 -18.88 90.97 -99.37 89.45 12.18 -50.35 -96.87 24.02 -46.17 88.53 69.98 -4.45 61.83 5.87 -67.63 15.90 88.53 49.70 52.59 70.25 91.65 -54.75 98.20 86.62 -34.69 93.24 86.79 96.13 30.19 41.48 39.48 50.58 1.06 -97.49 5.70 68.18 1.67 56.87 -73.99 0.08 -4.06 -15.67 66.09 64.40 -41.10 -39.49 40.66
96.54 19.78 42.97 80.73 30.07 -74.50 61.57 72.60 -6.10 -96.17 -28.81 -73.56 -91.81 64.84 51.12 -58.92 -64.08 71.03 -71.29 -5.89 10.54 15.60 -84.48 20.43 -84.11 15.64 87.40 -13.77 -33.68 -10.26 -34.35 -74.59 -41.63 -84.60 -13.57 66.41 -35.13 -79.86 28.71 -22.97 -61.93 -17.02 30.64 7.56 -45.69 -59.62 10.23 -71.84 94.30 -14.99 -77.28 -29.76 1.77 0.94 -90.79 69.68 -90.28 10.70 -38.18 -40.30 92.05 -54.41 98.29 -9.65 42.61 -40.30 22.98 42.75 44.54 23.76 99.43 46.53 -21.81 19.15 58.41 89.43 -78.78 38.39 66.52 67.95 -27.43 -84.50 -36.58 -33.82 -13.73 -95.94 -18.81 -30.95 88.42 47.75 42.42 44.76 32.90 -48.44 -91.16 98.89 -67.69 -19.57 -21.35 -77.45
35.87 69.21 79.52 -98.79 -51.03 -22.01 -62.51 33.78 38.99 34.38 -36.98 46.49 -89.56 -67.07 24.39 -10.98 39.44 2.77 4.04 -51.76 -49.45 -84.37 -41.93 -11.96 -15.34 -52.12 70.10 -61.26 63.65 -54.28 -64.33 -86.52 -65.28 -61.55 50.65 -3.49 73.90 57.31 -24.52 -44.80 99.92 92.19 37.26 80.18 -96.91 -18.33 -25.39 -34.22 16.14 65.19 -48.39 13.94 -31.85 -2.64 36.04 -69.91 72.75 4.10 -11.62 -74.05 65.87 -21.71 9.41 -88.85 50.86 78.25 6.96 -89.44 81.59 -6.79 -15.28 -97.74 76.49 -9.62 -87.18 24.40 32.64 63.39 83.59 -73.89 -33.79 24.39 -17.53 -16.56 -38.25 -41.28 -79.73 41.90 -4.80 5.95 90.90 -72.36 98.60 65.94 17.07 89.75 -49.70 43.20 35.42 -6.92
-37.76 -19.68 -9.36 23.27 47.88 38.75 -90.70 29.87 16.69 23.16 38.08 -95.87 64.45 58.10 -50.49 47.81 -2.30 -47.88 81.42 -95.30 5.31 2.57 89.43 -30.49 -44.21 -91.54 37.17 93.02 -83.93 -10.77 73.67 81.46 75.17 7.72 68.35 92.14 95.06 27.35 -56.94 56.09 98.21 27.97 91.32 -94.59 46.50 -75.62 68.56 -14.82 36.28 -92.10 -2.12 70.45 -50.39 -65.72 -7.26 26.72 89.13 -20.30 -83.69 68.48 -41.60 -20.65 -19.39 96.88 -49.86 -72.45 -40.58 29.34 -6.45 -42.62 -55.44 83.92 -78.27 -20.66 58.85 68.85 -59.00 24.44 30.44 -16.95 -88.82 34.15 22.41 75.21 -88.69 36.69 19.21 42.54 -49.78 6.35 -4.96 -15.91 -7.80 -95.77 -7.23 -6.45 -44.62 61.77 -68.97 -82.88
74.80 -88.75 25.51 -51.33 -58.25 -71.50 23.04 96.68 76.25 69.76 -7.62 -95.42 52.85 -94.40 -86.48 -43.29 -52.45 -52.76 -80.21 -55.37 -2.37 87.58 4.52 29.62 -40.35 80.98 12.47 45.46 3.61 -77.84 -31.71 -86.45 38.82 -56.93 29.38 24.15 -29.84 -92.44 -93.59 -76.31 -18.20 93.25 -50.44 42.22 86.11 11.02 14.56 -89.93 -36.84 75.91 79.82 83.71 -14.23 66.60 5.69 -23.78 55.62 46.41 71.96 -23.67 -9.85 1.05 -20.83 28.38 -15.09 -3.29 5.08 -2.77 -61.46 -43.77 -90.41 84.39 -74.95 69.33 -73.98 -84.65 53.36 -0.21 52.60 61.50 80.96 61.16 8.44 94.36 36.27 -81.65 94.54 9.17 51.90 -0.39 4.46 -58.69 -59.74 -90.25 32.17 -41.79 -47.58 -76.83 -19.94 58.57
32.56 56.58 44.56 97.02 -82.76 -88.43 21.39 -13.11 54.26 -15.62 25.42 80.09 -18.82 54.23 27.81 -22.06 -5.04 10.51 28.84 52.14 82.48 60.24 52.19 -11.62 -26.02 -62.15 -64.20 84.03 -29.42 -50.00 70.68 19.78 44.56 59.07 40.09 -89.82 -2.65 63.92 -19.72 -78.20 53.72 -4.95 -59.52 -21.68 21.97 25.97 -99.66 -97.02 -4.69 -29.62 55.74 -15.90 66.95 35.73 51.87 -88.84 -77.73 -54.99 -94.31 80.07 -4.62 -21.29 -99.10 28.51 -87.09 77.79 -52.42 95.71 46.43 -93.13 55.12 17.35 -79.80 36.85 16.98 28.14 41.22 89.89 6.99 52.08 -80.52 26.03 80.69 -12.29 54.26 -50.36 9.72 12.54 -29.73 -12.59 52.26 68.74 66.82 32.19 -97.13 58.80 9.50 -90.62 -88.28 58.40
89.36 -60.57 21.92 90.46 19.75 -80.04 35.70 39.78 -42.63 -75.55 41.60 63.81 -15.16 -67.98 33.43 -79.95 -24.19 -42.86 18.54 28.21 75.96 82.88 39.55 -77.42 -80.80 -18.33 -7.85 -37.32 14.52 -95.30 71.46 19.48 41.93 -82.61 4.60 -56.03 56.66 84.13 -37.64 -18.66 -5.78 -22.41 76.19 89.67 21.33 81.05 -68.50 3.76 -50.56 81.34 41.17 -80.27 -39.29 -69.77 -34.98 34.26 -27.72 3.23 -81.76 92.79 57.79 -30.88 39.97 -54.13 -6.97 12.81 -96.88 25.79 -32.28 41.87 95.50 -6.92 71.52 -30.08 57.79 17.24 -20.74 -85.88 68.51 24.28 -95.78 -10.38 55.18 -55.34 -72.97 84.50 -81.23 -83.14 78.02 2.32 -30.12 -82.67 77.74 13.28 41.90 -19.37 76.21 -60.64 2.76 20.08
-20.30 -28.96 75.19 -39.34 -73.34 54.89 96.62 43.66 -82.05 -7.96 70.34 51.73 -35.16 -46.23 42.33 30.32 88.00 -35.15 -48.17 50.01 -46.87 73.96 -20.07 45.67 8.12 23.30 0.75 -35.33 74.50 -36.08 13.87 99.59 76.43 -94.64 41.69 -79.87 90.97 -1.08 45.81 29.85 38.03 -52.47 -4.36 -14.65 -81.90 14.66 -37.05 41.53 -76.08 17.75 79.12 -17.99 48.21 2.27 73.67 92.11 26.18 3.18 4.64 -25.76 88.23 -61.63 -8.17 -45.90 -10.52 58.92 -89.54 71.17 35.24 41.80 -37.25 97.85 -94.90 94.45 -64.93 -18.38 -42.42 -42.64 19.75 14.63 -33.66 94.00 -42.96 6.70 -24.16 -11.45 -96.96 -59.80 -22.49 96.44 -46.93 30.73 17.27 12.39 48.79 -51.32 76.07 -48.51 -45.00 16.82
61.49 -17.25 -64.95 69.30 7.87 35.23 -38.49 88.19 -10.01 -69.73 56.82 -30.89 67.39 -55.95 80.95 -47.27 24.42 -53.25 -79.34 -56.29 52.62 69.92 24.06 57.88 56.02 54.98 16.86 75.68 -58.85 26.68 99.93 11.03 7.18 -70.66 19.06 -53.23 -31.82 10.57 20.71 17.67 37.92 0.64 22.46 -92.01 62.96 -48.65 -94.53 -62.72 42.18 85.37 -16.84 -36.87 27.96 67.61 -3.22 87.50 10.79 -13.58 36.58 23.60 -26.66 30.94 69.66 -89.77 33.37 99.13 40.88 96.84 -87.31 -57.30 -51.12 -88.55 55.35 -61.50 -44.84 41.27 -0.38 -73.59 -14.96 66.72 -7.44 97.25 -19.47 75.97 6.47 -89.43 -85.02 43.36 60.86 -27.94 6.73 -1.08 63.17 99.51 -46.53 80.64 78.84 39.28 -92.90 22.62
